-5.641937586242066e-2	1.0289343548861298	0.0	0.9999960547381729
2.3809824779993636e-2	1.0663096987006653	0.0	0.9999960552469919
0.18154764745585092	1.0562578261723927	0.0	0.9999960557354657
0.24873786890627672	1.2329675861990061	0.0	0.9999960561901344
0.3136001211560016	1.322489222120084	0.0	0.9999960563862084
0.3008985070076933	1.2981888536739723	0.0	0.9999960563453633
0.38496803449179334	1.4737024306841617	0.0	0.9999960565796571
0.4443385281200419	1.3332384620907387	0.0	0.9999960565397419
0.5126596565044501	1.5830365799244828	0.0	0.9999960567303541
0.6241675557540269	1.5334707927281446	0.0	0.99999605677407
0.675089233532516	1.6211976151828744	0.0	0.9999960568279261
0.6680556965832992	1.7809076324252142	0.0	0.9999960568675693
0.7295619507818782	1.7606828711532008	0.0	0.9999960568852255
0.8627374737147946	1.8446529882587936	0.0	0.9999960569409279
0.8528230726430608	1.838759956498259	0.0	0.999996056937393
0.9560990135427077	1.828623821310329	0.0	0.9999960569603845
0.9753109137388799	2.019747011028229	0.0	0.9999960569894993
1.0697605145672955	2.164443666386684	0.0	0.9999960570191997
1.1313191377828238	2.080104727870566	0.0	0.9999960570205492
1.1982944391329218	2.1829479360963564	0.0	0.9999960570373764
1.2574313395145595	2.265777528182254	0.0	0.9999960570494273
1.3644552553552705	2.332670429911293	0.0	0.99999605706311
1.352224182486333	2.3136118236743317	0.0	0.9999960570610553
1.4496332316706029	2.471310345433871	0.0	0.9999960570760654
1.50562118901301	2.5454222708657457	0.0	0.9999960570825904
1.5528856661755988	2.5217064882420748	0.0	0.9999960570845065
1.614957246576636	2.6091833444166452	0.0	0.9999960570908349
1.7090653269170537	2.7768828378016557	0.0	0.9999960570998472
1.786721038784357	2.8675908174248037	0.0	0.999996057104918
1.8475665550146558	2.7386340195104917	0.0	0.9999960571041147
1.8587799918975845	2.924535069300125	0.0	0.9999960571084958
1.9275426925664423	2.852814814040691	0.0	0.9999960571091654
1.9888070025949938	2.930086267079789	0.0	0.999996057112338
2.0634941622072596	2.9749678348669115	0.0	0.999996057114954
2.1210379262923116	3.07084254587625	0.0	0.9999960571177066
2.198132036366964	3.2640616419837127	0.0	0.999996057121677
2.288928333164975	3.273214502770573	0.0	0.9999960571232814
2.34195416158126	3.2663918774063805	0.0	0.9999960571240009
2.383458017519564	3.5056951317936447	0.0	0.9999960571268209
2.458245914848324	3.4341695340737264	0.0	0.9999960571271366
2.535652427145276	3.526721227735494	0.0	0.9999960571287403
2.580246209629432	3.6482866157334426	0.0	0.999996057130043
2.6309944026934056	3.596366283250464	0.0	0.999996057130159
2.69092672822653	3.7713355636734205	0.0	0.9999960571317479
2.75726910179212	3.8041959992737766	0.0	0.9999960571324251
2.8218361937849097	3.851986321529207	0.0	0.9999960571331096
2.8956799627983845	3.9038430740812005	0.0	0.9999960571338096
2.947487137277603	3.9001706153037885	0.0	0.9999960571340825
3.019038624881588	3.96570705828374	0.0	0.9999960571347339
3.059501248471907	4.096865740519573	0.0	0.9999960571354309
-3.1225484160579557	4.057681029974929	0.0	0.9999960331375025
-3.074128670332428	4.181378659813848	0.0	0.9999960370622893
-3.0265561213461964	4.2130363795527535	0.0	0.999996038788229
-2.9339316539437665	4.247540769905904	0.0	0.9999960413092741
-2.8849651310968394	4.4771951359095645	0.0	0.9999960444690952
-2.809885024301987	4.486841369640321	0.0	0.9999960456139797
-2.758363445861432	4.620313360328953	0.0	0.9999960471024693
-2.711175161424171	4.526055504744075	0.0	0.9999960471028436
-2.6458397958656095	4.605996803750929	0.0	0.9999960482281669
-2.5808030368726413	4.786934000704466	0.0	0.9999960495657034
-2.513134742410498	4.7996831757579645	0.0	0.999996050142157
-2.4471889597296825	4.954239820549198	0.0	0.9999960510376925
-2.399231930072106	4.9136598795054915	0.0	0.9999960512450066
-2.333364563856862	4.894817035022847	0.0	0.9999960516072435
-2.2782708603965096	4.959982842158763	0.0	0.9999960520570985
-2.196663548914532	5.18540526640025	0.0	0.9999960528374753
-2.128075954274287	5.106182328613556	0.0	0.9999960530376699
-2.065986625067959	5.084721331590872	0.0	0.9999960532808844
-2.0154382781541753	5.302133826670558	0.0	0.9999960537268336
-1.9506116817339285	5.436544372880221	0.0	0.9999960540802715
-1.8893712032730254	5.314584372328694	0.0	0.9999960541844577
-1.8275587983258936	5.468283488506246	0.0	0.999996054497396
-1.7593565195254024	5.527306344034239	0.0	0.9999960547340067
-1.6903862150194786	5.603781230071422	0.0	0.9999960549630024
-1.63829159641297	5.71994355242314	0.0	0.9999960551504462
-1.5645015160280227	5.661796690704122	0.0	0.9999960552962581
-1.5139991610375694	5.771037142332983	0.0	0.9999960554517291
-1.4297233225469943	5.776990468225072	0.0	0.9999960556247207
-1.3821943555967409	5.822890043352158	0.0	0.999996055729632
-1.3178113876847712	5.8981669142305835	0.0	0.9999960558653624
-1.2607406234669918	5.975112772666549	0.0	0.9999960559784374
-1.203852494871502	6.007112055634476	0.0	0.999996056071922
-1.13218038107594	6.233209999069996	0.0	0.9999960562170769
-1.0545278617752314	6.252600311847378	0.0	0.9999960563152449
-1.015677756704509	6.29796982386239	0.0	0.9999960563665377
-0.9388050841276239	6.427208111772224	0.0	0.999996056464814
-0.8705196844629568	6.4386976901143775	0.0	0.9999960565297031
-0.8120630809780897	6.40907537908483	0.0	0.9999960565763785
-0.7451399875279209	6.489512279929602	0.0	0.9999960566373097
-0.7071781161103344	6.595274873474804	0.0	0.9999960566744156
-0.6356581970801226	6.70027967790188	0.0	0.9999960567297125
-0.5555711400066955	6.657973875613706	0.0	0.9999960567732401
-0.51047798516817	6.871631522488039	0.0	0.9999960568105724
-0.4456309264000299	6.921856999391067	0.0	0.9999960568439724
-0.36972090392669854	6.923949836537071	0.0	0.9999960568762101
-0.3154462434510732	6.976615224573315	0.0	0.9999960568993314
-0.26031860073978086	7.1428027360557715	0.0	0.999996056924985
-0.19412828730839043	7.132307410161954	0.0	0.9999960569452152
-0.11668872177023377	7.125979366754877	0.0	0.999996056966697
-7.520111446355913e-2	7.3238395756330466	0.0	0.999996056982625
4.886177762521987e-3	7.208590815877988	0.0	0.9999960569979957
4.974536610880184e-2	7.33544544337918	0.0	0.9999960570101247
0.12965617939023702	7.37719616875784	0.0	0.9999960570257779
0.1987621072597168	7.461106221876039	0.0	0.9999960570385565
0.2359366864276952	7.593043114107823	0.0	0.9999960570461248
0.3086986217045623	7.614156482710123	0.0	0.9999960570562219
0.3648985571364774	7.704135572169128	0.0	0.9999960570641486
0.44685387682975686	7.782605851788137	0.0	0.9999960570738247
0.5032590373874802	7.813764190597128	0.0	0.9999960570795381
0.5696649655918967	7.964773143220617	0.0	0.9999960570865819
0.6248155973329851	7.837364007900526	0.0	0.9999960570898875
0.6936692450896915	8.051582426392715	0.0	0.9999960570963145
0.7633651589872634	8.064147675349172	0.0	0.9999960571007686
0.8058221269147161	8.120207643787941	0.0	0.9999960571035295
0.8773232035033195	8.108363052619803	0.0	0.9999960571072195
0.9265739599983213	8.205049461547613	0.0	0.9999960571100324
0.9984990314309762	8.280583564689032	0.0	0.9999960571134513
1.0721348206238137	8.42479128185831	0.0	0.9999960571167978
1.1302665617953658	8.388415022580093	0.0	0.999996057118655
1.202234350320435	8.54429619172382	0.0	0.9999960571213512
1.2544828208142336	8.50042307713219	0.0	0.9999960571226787
1.318189692225045	8.508510610764672	0.0	0.9999960571243283
1.378437006026324	8.684874668365428	0.0	0.9999960571261317
1.4371307985222794	8.792480415838858	0.0	0.9999960571275728
1.5041452859196252	8.842779960490983	0.0	0.9999960571289186
1.5776234968278506	8.945588920996506	0.0	0.9999960571303177
1.6259109186127538	8.827140743587794	0.0	0.9999960571308669
1.6880965904092948	9.048391798625932	0.0	0.9999960571320561
1.7526729902898395	9.006311942621128	0.0	0.999996057132813
1.8200858432735343	9.185457274661543	0.0	0.9999960571337878
1.889243347116185	9.136252448442972	0.0	0.9999960571344378
1.9460945890562606	9.176847649192792	0.0	0.9999960571350051
2.006712982742516	9.232656784929961	0.0	0.9999960571355684
2.077250823444512	9.471309724145632	0.0	0.9999960571362921
2.1295422710364615	9.448396138359463	0.0	0.9999960571366314
2.197110158931782	9.457645834670945	0.0	0.9999960571370599
2.2684029342688063	9.545652285357392	0.0	0.9999960571375138
2.3252440429985275	9.717269327446704	0.0	0.9999960571378932
2.3847881405716596	9.694565970339388	0.0	0.9999960571381549
2.447854362718667	9.74217325018908	0.0	0.9999960571384411
2.509263957993223	9.757653874189606	0.0	0.9999960571386821
2.5804200669606185	9.903077881952262	0.0	0.9999960571389819
2.6351489262726266	9.93887118128643	0.0	0.9999960571391638
2.6907290997195425	9.967326724996799	0.0	0.9999960571393317
2.7654388537298877	10.035026223816441	0.0	0.9999960571395445
2.823040587997652	10.024178851789072	0.0	0.9999960571396768
2.894836316995891	10.165214557751247	0.0	0.999996057139863
2.954471919312695	10.322334808405962	0.0	0.9999960571400095
3.0147649668221495	10.324022244165777	0.0	0.9999960571401135
3.087588604036573	10.37374421156978	0.0	0.999996057140236
3.1346306704037983	10.39802029637488	0.0	0.999996057140307
-3.0844429391983614	10.52363351762781	0.0	0.9999960538173709
-3.010241023348629	10.642804350397329	0.0	0.999996054019322
-2.9520148848938303	10.698192736285817	0.0	0.9999960541628993
-2.894095398662377	10.69526620776868	0.0	0.9999960542847242
-2.823634235501523	10.650667076523394	0.0	0.9999960544181864
-2.761527138638237	10.740139589397504	0.0	0.9999960545778641
-2.7047817057302495	10.744979569499025	0.0	0.9999960546963097
-2.648086719779352	10.936122063085397	0.0	0.9999960548710793
-2.580512877408823	11.047170322646398	0.0	0.9999960550369558
-2.5106330634074356	11.122068427773737	0.0	0.9999960551907926
-2.443154839871982	11.121920278262753	0.0	0.9999960553139347
-2.393539574904172	11.180319609552406	0.0	0.9999960554170264
-2.3202793562809325	11.236940563616598	0.0	0.9999960555552586
-2.261659647788501	11.242242539743094	0.0	0.999996055651148
-2.205434085978118	11.427895242674886	0.0	0.9999960557791561
-2.137905992550981	11.444405799962022	0.0	0.9999960558798828
-2.067307911951325	11.539972881576123	0.0	0.9999960559937936
-2.009067016998552	11.620589373715346	0.0	0.999996056081573
-1.9505763023191245	11.626984386547702	0.0	0.9999960561518122
-1.8845540657180566	11.681778968661957	0.0	0.9999960562334906
-1.8160651035702204	11.625401943040197	0.0	0.9999960562962368
-1.7627918513826133	11.749805731228273	0.0	0.9999960563642794
-1.6968306487716383	11.883956491297951	0.0	0.9999960564389535
-1.6358988766485854	11.867473325023056	0.0	0.9999960564870369
-1.5748472285426798	12.04266151778323	0.0	0.9999960565505881
-1.513668430337523	12.08412671708775	0.0	0.9999960565965964
-1.444840176686113	12.071255318960398	0.0	0.9999960566396348
-1.3868772591464504	12.132593213115255	0.0	0.9999960566785928
-1.3158092516671271	12.268367901304623	0.0	0.9999960567261166
-1.2583687768078147	12.35008852671134	0.0	0.9999960567593126
-1.1889448745561666	12.416194813162521	0.0	0.9999960567943015
-1.1251293847449033	12.405689667804811	0.0	0.9999960568204918
-1.0690261867393094	12.385258966523342	0.0	0.9999960568415653
-1.0010363142168837	12.571418746057969	0.0	0.9999960568733294
-0.937668701259762	12.5998393268849	0.0	0.9999960568950972
-0.8811229224607104	12.745691682357474	0.0	0.9999960569167159
-0.8249602831909071	12.773958382868335	0.0	0.9999960569331948
-0.7464326880952973	12.797855903841635	0.0	0.9999960569540128
-0.6900929480351105	12.80975580676744	0.0	0.9999960569676536
-0.632581801644874	13.022846489720994	0.0	0.9999960569845536
-0.5655577487597498	12.951977475389862	0.0	0.9999960569967281
-0.49423622450618193	13.07558835655411	0.0	0.9999960570118975
-0.4433220385198484	13.25440717914849	0.0	0.99999605702303
-0.38396791878621395	13.128905061899061	0.0	0.9999960570306453
-0.3182539701449639	13.303030610517629	0.0	0.9999960570422168
-0.2504256694136185	13.328373821127123	0.0	0.9999960570513753
-0.18789218430422572	13.357240810802923	0.0	0.9999960570591708
-0.12587710251476045	13.539525029756977	0.0	0.999996057067535
-6.1015253213404265e-2	13.494424433244593	0.0	0.9999960570736781
-7.119594144135042e-3	13.469089871971901	0.0	0.999996057078505
-3.0584495670161442	1.0453162650128596	1.0	0.9865507226916538
-2.9975768139793417	0.9933155587971485	1.0	0.9827430939479994
-2.9984879454613056	1.1003159526874275	1.0	0.9976778759094038
-2.922818879783713	1.2187692714726177	1.0	0.9998302414283582
-2.892064981340807	1.3054555422477634	1.0	0.9999482696991212
-2.8503781433244324	1.2993555494638338	1.0	0.9999587870704304
-2.725915333644997	1.483805968681274	1.0	0.9999915016886847
-2.6946821124130853	1.3619231331826978	1.0	0.9999876650922782
-2.6212551092407157	1.4669710313901247	1.0	0.9999930122189297
-2.5818684032340413	1.578577756579006	1.0	0.9999945944849709
-2.4997621879017284	1.6515410695014527	1.0	0.9999952862163076
-2.4514068255206083	1.654793233537549	1.0	0.9999954215785454
-2.424991532967099	1.7143062794724533	1.0	0.9999955972301717
-2.3455933525190216	1.9139980320267715	1.0	0.9999958750096728
-2.2551994575332257	1.7985331478862285	1.0	0.9999958618602588
-2.1792612552750543	1.894196711866889	1.0	0.9999959405817743
-2.1238348883662788	1.933733493858517	1.0	0.9999959679653926
-2.0547498949763314	2.0913069416411036	1.0	0.9999960063325417
-2.03230215200432	2.101629185428607	1.0	0.9999960102487877
-1.8948548137477914	2.2559523611039616	1.0	0.99999603214468
-1.9149011836600012	2.286428767269853	1.0	0.9999960322775657
-1.8104762965427692	2.328694633773116	1.0	0.9999960387632256
-1.7551409734739005	2.479149190002583	1.0	0.9999960439094272
-1.7276571880262674	2.48972956292786	1.0	0.9999960447999641
-1.6175584063070814	2.509112220782532	1.0	0.9999960474822642
-1.5358802617827727	2.4733975266745998	1.0	0.9999960485920393
-1.5307585732483118	2.5512963755595157	1.0	0.9999960493709585
-1.4438969616044208	2.6780358779915048	1.0	0.9999960513255691
-1.405095238202454	2.7068067482432387	1.0	0.9999960518649755
-1.3149375642358887	2.824040603353099	1.0	0.9999960530662371
-1.2863608104826978	2.935432127393889	1.0	0.9999960535664117
-1.1715426957784458	3.0150921341111148	1.0	0.9999960543553208
-1.117419659111481	3.0837842226705083	1.0	0.9999960547017125
-1.098029479325479	3.0753547496909213	1.0	0.9999960547689489
-0.99613948433294	3.2539824885405024	1.0	0.9999960553211871
-0.9669624078668028	3.137605701896748	1.0	0.9999960553032942
-0.8881939876684491	3.1995397469584295	1.0	0.9999960555803532
-0.8039431711538083	3.3155645585039344	1.0	0.9999960558555047
-0.7516465615405001	3.4084269442761213	1.0	0.9999960560075902
-0.6525081768919206	3.4637698829971124	1.0	0.9999960561998297
-0.6301526816270848	3.640263682532894	1.0	0.9999960562906779
-0.5904466768104136	3.573020554335222	1.0	0.9999960563250679
-0.5056577070557552	3.6085358554579936	1.0	0.9999960564400837
-0.4380086929985263	3.7954167812834885	1.0	0.9999960565508367
-0.38630493577500896	3.8103667640399546	1.0	0.9999960566010534
-0.284989222685001	3.869021577950379	1.0	0.9999960566911275
-0.22944085262235778	3.9032671058466284	1.0	0.9999960567339629
-0.17830760251580094	3.8919756041303106	1.0	0.9999960567650851
-0.14571241389887035	4.089823093507761	1.0	0.9999960568032421
-5.038522161261858e-2	4.007960906803533	1.0	0.9999960568446893
1.9126196972129108e-2	4.17740510447382	1.0	0.9999960568872179
7.199979796960518e-2	4.160971960589282	1.0	0.9999960569066302
0.13140521915478018	4.291703768268311	1.0	0.9999960569343487
0.1969068211684819	4.317288329809761	1.0	0.9999960569556193
0.24318050020274365	4.378359503767178	1.0	0.9999960569709687
0.3318072935666945	4.471492403938504	1.0	0.9999960569958719
0.3854863595479893	4.549308806530008	1.0	0.9999960570096542
0.4521034477268165	4.693736954711787	1.0	0.9999960570260176
0.4989864577374641	4.705739019442908	1.0	0.9999960570341662
0.582922282836428	4.734204602380722	1.0	0.9999960570473977
0.6492104783059306	4.768490681900992	1.0	0.9999960570568227
0.6865358740392523	4.83149655601306	1.0	0.9999960570624069
0.7563454129651863	4.846303702372082	1.0	0.9999960570703176
0.8044512536413843	4.947597313400974	1.0	0.999996057076504
0.8833420806423011	5.126792851138122	1.0	0.9999960570855696
0.9264494728954317	5.101216893945293	1.0	0.9999960570886639
1.0088208152169604	5.104623662872521	1.0	0.9999960570945611
1.082038420579225	5.250536343667896	1.0	0.9999960571003985
1.1548770049067778	5.314887793606415	1.0	0.9999960571048723
1.1946933137802636	5.428915500935737	1.0	0.9999960571076206
1.2565950942015547	5.37447056982122	1.0	0.9999960571100937
1.3114222762166647	5.516346931728949	1.0	0.9999960571131868
1.392241203128307	5.515303206617428	1.0	0.9999960571161706
1.4303364171166442	5.512626345803903	1.0	0.999996057117448
1.5059059505534462	5.7157977335302315	1.0	0.9999960571206447
1.555750804138094	5.708520479688851	1.0	0.9999960571219855
1.616602052319865	5.825067109946364	1.0	0.9999960571239278
1.711586317361139	5.808445365807582	1.0	0.9999960571259878
1.7713806960770861	5.9569089361288405	1.0	0.9999960571275851
1.8237371056203597	5.90027844163233	1.0	0.9999960571283798
1.8809702399229475	6.000404767468777	1.0	0.9999960571295728
1.9417129513437408	6.075397047040101	1.0	0.9999960571306509
2.014795985055666	6.0743029728179545	1.0	0.9999960571316413
2.068068857594865	6.161022235634864	1.0	0.9999960571324583
2.1474110633516394	6.298211999931102	1.0	0.9999960571335591
2.2015917137617946	6.3715145870694165	1.0	0.999996057134201
2.268231497640331	6.4932585741385624	1.0	0.9999960571349569
2.324435603759018	6.421349568079663	1.0	0.9999960571353264
2.3917009947060315	6.5033906617156765	1.0	0.9999960571359229
2.4483400605735652	6.728467057755322	1.0	0.9999960571365297
2.5140766130899377	6.656689171068811	1.0	0.9999960571368617
2.583149714994039	6.620181182576653	1.0	0.9999960571372143
2.640659628732645	6.705810607685492	1.0	0.999996057137576
2.7084974099952355	6.840295578039401	1.0	0.9999960571379847
2.7696243876052593	6.9794509714670445	1.0	0.999996057138325
2.8428039173951376	6.978685738253942	1.0	0.9999960571385945
2.891350490807787	7.104479924863388	1.0	0.9999960571388254
2.9492801949176783	7.171328863685111	1.0	0.9999960571390363
3.019299849877565	7.218905885082607	1.0	0.9999960571392531
3.070280192979522	7.211936095260951	1.0	0.9999960571393806
-3.1368566450900763	7.328875366527071	1.0	0.9999960517022666
-3.081185539357877	7.402187746885829	1.0	0.9999960519829952
-3.012654259700587	7.35523790536877	1.0	0.9999960521720843
-2.954855851664009	7.540192175741103	1.0	0.9999960525358108
-2.8959807013038903	7.526989954696623	1.0	0.9999960527100821
-2.8362331898132096	7.5098893308919425	1.0	0.9999960528809709
-2.7491038802526666	7.602341817271306	1.0	0.9999960532083483
-2.6895727154848865	7.7066206204789935	1.0	0.9999960534458698
-2.6435798495623626	7.671646719615622	1.0	0.9999960535517646
-2.574167126195557	7.898983001950666	1.0	0.9999960538660256
-2.519564078087245	7.909132645921874	1.0	0.9999960540114929
-2.447685437474819	8.098033019375274	1.0	0.9999960542796209
-2.3878946261677996	8.074243433337811	1.0	0.9999960544124655
-2.3157732402708398	8.114508909287597	1.0	0.9999960545980251
-2.2675234116765406	8.115051497679381	1.0	0.999996054708138
-2.20471764401123	8.306652878512724	1.0	0.9999960549177698
-2.142832139221988	8.337580310592685	1.0	0.9999960550586622
-2.0684611701523057	8.328756116561578	1.0	0.9999960552064932
-2.019367303628745	8.379531722757344	1.0	0.9999960553180997
-1.9441763193089585	8.529380112087559	1.0	0.9999960555007107
-1.8845761614184635	8.506030988603355	1.0	0.9999960555989617
-1.8178532240294032	8.605733223422696	1.0	0.9999960557351338
-1.7673431046123034	8.61688274571691	1.0	0.9999960558174109
-1.693922929978669	8.644330955308817	1.0	0.9999960559330598
-1.6416502749098238	8.865789893108557	1.0	0.999996056049722
-1.5815241061519916	8.865986049386835	1.0	0.9999960561273455
-1.5167337688591096	8.96389000765075	1.0	0.9999960562218684
-1.4463511382103744	8.939045193300942	1.0	0.9999960562966278
-1.3727435692699368	9.041610721923323	1.0	0.999996056386559
-1.3136995688611903	9.0224354253465	1.0	0.9999960564401057
-1.2615817044988615	9.230925356190518	1.0	0.9999960565097142
-1.1904327340496377	9.138060364363009	1.0	0.9999960565574169
-1.1406367047612105	9.35919046381662	1.0	0.9999960566152368
-1.0612283544282317	9.332906804150749	1.0	0.9999960566665989
-1.0086273498060276	9.420472741641928	1.0	0.9999960567057725
-0.9495721823973688	9.431054954071385	1.0	0.9999960567402941
-0.8713779183131359	9.500207441578505	1.0	0.9999960567853067
-0.817587614351119	9.694302459553997	1.0	0.9999960568209455
-0.7609427368812072	9.72456301769472	1.0	0.9999960568466177
-0.6932326133178	9.858897209313161	1.0	0.999996056878723
-0.6299636582278808	9.92129249375264	1.0	0.9999960569032987
-0.5673914907759414	9.977255156159536	1.0	0.9999960569252153
-0.5006403414720844	9.919501032090277	1.0	0.9999960569430526
-0.44270975519849093	10.04959323918765	1.0	0.9999960569621889
-0.3843968495251735	10.076442050717901	1.0	0.9999960569771487
-0.31747671818463785	10.075497454141994	1.0	0.9999960569921676
-0.24442143293023413	10.185210553770025	1.0	0.9999960570091223
-0.18640200028120782	10.208790937171141	1.0	0.9999960570201557
-0.11925163901832465	10.310594393142175	1.0	0.9999960570329143
-5.3159126475290516e-2	10.414237135018372	1.0	0.9999960570442066
9.30011106462038e-3	10.394089726148174	1.0	0.999996057052416
6.555382713484162e-2	10.480483114936872	1.0	0.9999960570603574
0.13196606847551026	10.49038784921792	1.0	0.9999960570679486
0.1932466560964404	10.557731334644853	1.0	0.9999960570748361
0.24682749957923886	10.604367304693392	1.0	0.9999960570802318
0.31737390752761535	10.653474074688553	1.0	0.9999960570865912
0.37217431118516675	10.795005141125234	1.0	0.9999960570917298
0.44097937673069665	10.770369252537606	1.0	0.9999960570963625
0.5058795896246436	10.880681233932904	1.0	0.9999960571010234
0.5609178532755675	11.02744907019553	1.0	0.9999960571048367
0.6226153669432191	11.067696888592902	1.0	0.9999960571081715
0.6976844934923219	11.107648455121918	1.0	0.9999960571117873
0.7519474994358167	11.253495868203784	1.0	0.9999960571145434
0.8133733270437691	11.292698070907472	1.0	0.9999960571169765
0.8810731064990859	11.374450977133439	1.0	0.999996057119506
0.9370162332299362	11.385731296182463	1.0	0.9999960571212568
1.0019724008770705	11.443155036879416	1.0	0.9999960571232127
1.0679543626462709	11.556999936507218	1.0	0.9999960571251146
1.1234164617482778	11.516469721463588	1.0	0.9999960571263065
1.1892014421147696	11.702042765121488	1.0	0.9999960571279967
1.2541172007454549	11.702777050207668	1.0	0.9999960571292069
1.3203565076204686	11.79869474788324	1.0	0.9999960571304564
1.3774744451611116	11.892811331704223	1.0	0.999996057131443
1.4433138064271402	11.842529975884943	1.0	0.9999960571322927
1.5085338693323902	11.903746623613845	1.0	0.9999960571331745
1.56539980503361	11.919159592159653	1.0	0.9999960571338367
1.6351141344527098	12.145955639932627	1.0	0.9999960571347485
1.7026173812533727	12.138783883858705	1.0	0.9999960571353578
1.759002748501876	12.137831865532519	1.0	0.9999960571358258
1.819262881943197	12.254619575804144	1.0	0.9999960571363595
1.888341116043271	12.23200947708865	1.0	0.9999960571368188
1.9526010851969025	12.350324612530933	1.0	0.9999960571372798
2.0137857348233403	12.488492257223276	1.0	0.9999960571376862
2.0634779183722847	12.528190524642602	1.0	0.9999960571379549
2.133044213276823	12.617635940200186	1.0	0.9999960571383107
2.193653634177461	12.598469129928011	1.0	0.9999960571385554
2.2653225814548534	12.779515287763273	1.0	0.9999960571388836
2.3223279912317487	12.83027303948759	1.0	0.9999960571390899
2.3778182214157746	12.817739696738222	1.0	0.9999960571392571
2.4484805979897413	12.783643318883277	1.0	0.9999960571394471
2.510812706417133	12.950433139522747	1.0	0.9999960571396437
2.5820135078768485	12.941646230169663	1.0	0.9999960571398038
2.6460716662877086	13.11869140702439	1.0	0.9999960571399679
2.700897713488784	13.097103226935722	1.0	0.9999960571400657
2.7648546380748638	13.277556118338714	1.0	0.9999960571402016
2.8284117832039963	13.299275127041355	1.0	0.9999960571403008
2.889065959367293	13.297885574687166	1.0	0.9999960571403844
2.9556291678393256	13.347840260834515	1.0	0.9999960571404739
3.019986870012878	13.378342167917808	1.0	0.9999960571405503
3.078143728249021	13.524695707989109	1.0	0.9999960571406246
3.1352016926881454	13.650376056710284	1.0	0.9999960571406888
