0.0,0.0,0.8802085299401514
0.0,2.0e-2,0.8718897410014895
0.0,4.0e-2,0.863129833947403
0.0,6.0e-2,0.8539216782339241
0.0,8.0e-2,0.8442596015580701
0.0,0.1,0.8341394932565847
0.0,0.12,0.8235588960274778
0.0,0.14,0.812517084191033
0.0,0.16,0.8010151268842016
0.0,0.18,0.7890559348045103
0.0,0.2,0.7766442893821591
0.0,0.22,0.7637868535557415
0.0,0.24,0.7504921636503686
0.0,0.26,0.7367706021981713
0.0,0.28,0.7226343518906543
0.0,0.3,0.7080973312001453
0.0,0.32,0.6931751125436543
0.0,0.34,0.6778848241771349
0.0,0.36,0.6622450372926295
0.0,0.38,0.6462756400373557
0.0,0.4,0.6299977003762177
0.0,0.42,0.6134333198728972
0.0,0.44,0.5966054805668447
0.0,0.46,0.5795378871731768
0.0,0.48,0.5622548068306314
0.0,0.5,0.5447809085717648
0.0,0.52,0.5271411045937167
0.0,0.54,0.5093603952721455
0.0,0.56,0.49146371969173375
0.0,0.58,0.47347581327068217
0.0,0.6,0.4554210738410438
0.0,0.62,0.4373234373186744
0.0,0.64,0.41920626386296067
0.0,0.66,0.40109223519369214
0.0,0.68,0.3830032635062174
0.0,0.7000000000000001,0.3649604122113416
0.0,0.72,0.34698382852732035
0.0,0.74,0.32909268777093603
0.0,0.76,0.3113051490352596
0.0,0.78,0.2936383218046445
0.0,0.8,0.27610824294332403
0.0,0.8200000000000001,0.25872986340261284
0.0,0.84,0.24151704392227974
0.0,0.86,0.2244825589530638
0.0,0.88,0.20763810799780819
0.0,0.9,0.19099433355648265
0.0,0.92,0.1745608448633734
0.0,0.9400000000000001,0.15834624662077898
0.0,0.96,0.1423581719605541
0.0,0.98,0.1266033189007089
0.0,1.0,0.11108748960699161
2.0e-2,0.0,0.8839021453023113
2.0e-2,2.0e-2,0.8758118671558413
2.0e-2,4.0e-2,0.8672854810567806
2.0e-2,6.0e-2,0.8583151131285474
2.0e-2,8.0e-2,0.8488942806622821
2.0e-2,0.1,0.8390180009641245
2.0e-2,0.12,0.828682889664469
2.0e-2,0.14,0.8178872466328994
2.0e-2,0.16,0.8066311277911677
2.0e-2,0.18,0.7949164013118472
2.0e-2,0.2,0.7827467869285788
2.0e-2,0.22,0.7701278773599585
2.0e-2,0.24,0.7570671411563059
2.0e-2,0.26,0.7435739066088126
2.0e-2,0.28,0.7296593267047284
2.0e-2,0.3,0.7153363254607081
2.0e-2,0.32,0.7006195263090502
2.0e-2,0.34,0.6855251635386035
2.0e-2,0.36,0.6700709780941514
2.0e-2,0.38,0.6542760993068312
2.0e-2,0.4,0.6381609143564504
2.0e-2,0.42,0.6217469274488417
2.0e-2,0.44,0.6050566108238403
2.0e-2,0.46,0.5881132497900255
2.0e-2,0.48,0.5709407840108199
2.0e-2,0.5,0.5535636472445076
2.0e-2,0.52,0.5360066076712979
2.0e-2,0.54,0.5182946108283237
2.0e-2,0.56,0.5004526270239912
2.0e-2,0.58,0.482505504922931
2.0e-2,0.6,0.4644778327887824
2.0e-2,0.62,0.4463938086513942
2.0e-2,0.64,0.42827712043473215
2.0e-2,0.66,0.41015083684857995
2.0e-2,0.68,0.39203730961711
2.0e-2,0.7000000000000001,0.37395808739602304
2.0e-2,0.72,0.35593384152178376
2.0e-2,0.74,0.33798430354519793
2.0e-2,0.76,0.32012821432997574
2.0e-2,0.78,0.30238328434682676
2.0e-2,0.8,0.2847661646661384
2.0e-2,0.8200000000000001,0.26729242804761766
2.0e-2,0.84,0.24997655944303343
2.0e-2,0.86,0.23283195516748675
2.0e-2,0.88,0.2158709299539623
2.0e-2,0.9,0.19910473108367757
2.0e-2,0.92,0.18254355877884662
2.0e-2,0.9400000000000001,0.16619659205295867
2.0e-2,0.96,0.1500720192342845
2.0e-2,0.98,0.13417707240903295
2.0e-2,1.0,0.11851806506929906
4.0e-2,0.0,0.887215236779631
4.0e-2,2.0e-2,0.87933788477121
4.0e-2,4.0e-2,0.8710295748658627
4.0e-2,6.0e-2,0.8622817647258103
4.0e-2,8.0e-2,0.8530872365646605
4.0e-2,0.1,0.8434402105345897
4.0e-2,0.12,0.8333364486934565
4.0e-2,0.14,0.8227733476422225
4.0e-2,0.16,0.8117500180439148
4.0e-2,0.18,0.8002673494037627
4.0e-2,0.2,0.7883280587035999
4.0e-2,0.22,0.7759367217378246
4.0e-2,0.24,0.763099786287356
4.0e-2,0.26,0.7498255665847585
4.0e-2,0.28,0.7361242188595922
4.0e-2,0.3,0.722007698098729
4.0e-2,0.32,0.7074896965019697
4.0e-2,0.34,0.6925855644489212
4.0e-2,0.36,0.6773122151090801
4.0e-2,0.38,0.6616880141145091
4.0e-2,0.4,0.6457326559655916
4.0e-2,0.42,0.6294670290485911
4.0e-2,0.44,0.6129130713043657
4.0e-2,0.46,0.596093618697466
4.0e-2,0.48,0.5790322486927728
4.0e-2,0.5,0.5617531209533677
4.0e-2,0.52,0.544280817430695
4.0e-2,0.54,0.5266401839300561
4.0e-2,0.56,0.5088561751060741
4.0e-2,0.58,0.4909537046799548
4.0e-2,0.6,0.47295750247982143
4.0e-2,0.62,0.4548919796942105
4.0e-2,0.64,0.4367811035039329
4.0e-2,0.66,0.41864828202600785
4.0e-2,0.68,0.40051626027156656
4.0e-2,0.7000000000000001,0.3824070275934194
4.0e-2,0.72,0.36434173688338456
4.0e-2,0.74,0.34634063557873146
4.0e-2,0.76,0.3284230083544146
4.0e-2,0.78,0.3106071312156464
4.0e-2,0.8,0.2929102365651501
4.0e-2,0.8200000000000001,0.2753484887019825
4.0e-2,0.84,0.25793696911400343
4.0e-2,0.86,0.24068967085329418
4.0e-2,0.88,0.2236195012319343
4.0e-2,0.9,0.206738292043001
4.0e-2,0.92,0.19005681649661374
4.0e-2,0.9400000000000001,0.17358481206129442
4.0e-2,0.96,0.15733100841476075
4.0e-2,0.98,0.14130315973334334
4.0e-2,1.0,0.12550808058346077
6.0e-2,0.0,0.8901479121480053
6.0e-2,2.0e-2,0.8824673439461896
6.0e-2,4.0e-2,0.8743610249030438
6.0e-2,6.0e-2,0.8658198173946672
6.0e-2,8.0e-2,0.8568358430258796
6.0e-2,0.1,0.847402599707809
6.0e-2,0.12,0.8375150703973445
6.0e-2,0.14,0.8271698215533426
6.0e-2,0.16,0.8163650894586523
6.0e-2,0.18,0.8051008526992126
6.0e-2,0.2,0.7933788892800215
6.0e-2,0.22,0.7812028170893948
6.0e-2,0.24,0.7685781166926523
6.0e-2,0.26,0.7555121357376854
6.0e-2,0.28,0.7420140745799386
6.0e-2,0.3,0.7280949530743351
6.0e-2,0.32,0.7137675588269964
6.0e-2,0.34,0.6990463775403721
6.0e-2,0.36,0.6839475064118179
6.0e-2,0.38,0.6684885518484149
6.0e-2,0.4,0.6526885130314991
6.0e-2,0.42,0.636567653095767
6.0e-2,0.44,0.6201473598742052
6.0e-2,0.46,0.6034499982974096
6.0e-2,0.48,0.5864987566219457
6.0e-2,0.5,0.5693174886967394
6.0e-2,0.52,0.5519305544604747
6.0e-2,0.54,0.5343626607995244
6.0e-2,0.56,0.5166387047893776
6.0e-2,0.58,0.49878362119830394
6.0e-2,0.6,0.4808222359564643
6.0e-2,0.62,0.4627791270935898
6.0e-2,0.64,0.444678494430881
6.0e-2,0.66,0.4265440390848253
6.0e-2,0.68,0.40839885360898465
6.0e-2,0.7000000000000001,0.39026532337056064
6.0e-2,0.72,0.3721650395372302
6.0e-2,0.74,0.3541187238410057
6.0e-2,0.76,0.3361461650934459
6.0e-2,0.78,0.3182661672533904
6.0e-2,0.8,0.30049650869637956
6.0e-2,0.8200000000000001,0.2828539122052764
6.0e-2,0.84,0.26535402509463146
6.0e-2,0.86,0.2480114087967517
6.0e-2,0.88,0.2308395371743658
6.0e-2,0.9,0.21385080278187496
6.0e-2,0.92,0.1970565302727826
6.0e-2,0.9400000000000001,0.18046699614309933
6.0e-2,0.96,0.16409145400717962
6.0e-2,0.98,0.1479381646215899
6.0e-2,1.0,0.13201442990195494
8.0e-2,0.0,0.8926983777042782
8.0e-2,2.0e-2,0.8851978888734376
8.0e-2,4.0e-2,0.8772768332107344
8.0e-2,6.0e-2,0.8689255489360443
8.0e-2,8.0e-2,0.8601355702426124
8.0e-2,0.1,0.8508997472814986
8.0e-2,0.12,0.8412123588409359
8.0e-2,0.14,0.8310692157557802
8.0e-2,0.16,0.8204677531513014
8.0e-2,0.18,0.8094071097425094
8.0e-2,0.2,0.7978881925743473
8.0e-2,0.22,0.7859137257969436
8.0e-2,0.24,0.7734882823196615
8.0e-2,0.26,0.7606182974721816
8.0e-2,0.28,0.7473120641132099
8.0e-2,0.3,0.7335797089592732
8.0e-2,0.32,0.719433150248281
8.0e-2,0.34,0.7048860371953415
8.0e-2,0.36,0.6899536720319058
8.0e-2,0.38,0.6746529157340916
8.0e-2,0.4,0.6590020788331442
8.0e-2,0.42,0.6430207989525625
8.0e-2,0.44,0.6267299069259576
8.0e-2,0.46,0.6101512835123257
8.0e-2,0.48,0.5933077088379038
8.0e-2,0.5,0.5762227067547836
8.0e-2,0.52,0.5589203863164065
8.0e-2,0.54,0.5414252825310576
8.0e-2,0.56,0.5237621984700985
8.0e-2,0.58,0.5059560506828594
8.0e-2,0.6,0.4880317197106407
8.0e-2,0.62,0.47001390730483206
8.0e-2,0.64,0.45192700174556055
8.0e-2,0.66,0.4337949524347164
8.0e-2,0.68,0.4156411547073833
8.0e-2,0.7000000000000001,0.39748834557523227
8.0e-2,0.72,0.37935851088999484
8.0e-2,0.74,0.361272804199935
8.0e-2,0.76,0.34325147737142786
8.0e-2,0.78,0.32531382286472277
8.0e-2,0.8,0.30747812739012037
8.0e-2,0.8200000000000001,0.28976163652971726
8.0e-2,0.84,0.27218052979130836
8.0e-2,0.86,0.25474990546504533
8.0e-2,0.88,0.23748377457939066
8.0e-2,0.9,0.22039506319977376
8.0e-2,0.92,0.20349562227954016
8.0e-2,0.9400000000000001,0.18679624425654404
8.0e-2,0.96,0.17030668558811557
8.0e-2,0.98,0.1540356944299196
8.0e-2,1.0,0.13799104268845683
0.1,0.0,0.8948626230955479
0.1,2.0e-2,0.8875249276722464
0.1,4.0e-2,0.8797717493030442
0.1,6.0e-2,0.8715929709002691
0.1,8.0e-2,0.8629796108734983
0.1,0.1,0.8539239453079571
0.1,0.12,0.844419623810939
0.1,0.14,0.8344617770553981
0.1,0.16,0.8240471140956009
0.1,0.18,0.8131740076228521
0.1,0.2,0.80184256546988
0.1,0.22,0.7900546868589622
0.1,0.24,0.7778141021179642
0.1,0.26,0.7651263948553495
0.1,0.28,0.7519990058834374
0.1,0.3,0.7384412185010295
0.1,0.32,0.7244641250832622
0.1,0.34,0.7100805752686822
0.1,0.36,0.6953051063713303
0.1,0.38,0.6801538569693366
0.1,0.4,0.6646444649219564
0.1,0.42,0.6487959513357916
0.1,0.44,0.6326285922308822
0.1,0.46,0.616163779842854
0.1,0.48,0.5994238756342118
0.1,0.5,0.5824320571739829
0.1,0.52,0.5652121610797882
0.1,0.54,0.5477885242012506
0.1,0.56,0.5301858251614248
0.1,0.58,0.5124289282677683
0.1,0.6,0.4945427316616106
0.1,0.62,0.47655202140119235
0.1,0.64,0.45848133297503857
0.1,0.66,0.44035482152661454
0.1,0.68,0.42219614184489357
0.1,0.7000000000000001,0.4040283389452659
0.1,0.72,0.38587374983730877
0.1,0.74,0.367753916855738
0.1,0.76,0.34968951272304394
0.1,0.78,0.3317002773206604
0.1,0.8,0.3138049659728804
0.1,0.8200000000000001,0.29602130889609934
0.1,0.84,0.2783659813365625
0.1,0.86,0.26085458381285836
0.1,0.88,0.24350163179481185
0.1,0.9,0.22632055408720442
0.1,0.92,0.20932369914365262
0.1,0.9400000000000001,0.19252234851132813
0.1,0.96,0.1759267365990682
0.1,0.98,0.15954607596784814
0.1,1.0,0.14338858736133542
0.12,0.0,0.8966340762982167
0.12,2.0e-2,0.8894412709597905
0.12,4.0e-2,0.8818378923743632
0.12,6.0e-2,0.8738134345922266
0.12,8.0e-2,0.8653584701175476
0.12,0.1,0.8564647736411269
0.12,0.12,0.8471254403450272
0.12,0.14,0.8373349968136885
0.12,0.16,0.827089502610564
0.12,0.18,0.8163866406502815
0.12,0.2,0.8052257946146422
0.12,0.22,0.793608111825616
0.12,0.24,0.7815365501974485
0.12,0.26,0.7690159081389148
0.12,0.28,0.756052836559993
0.12,0.3,0.7426558324476452
0.12,0.32,0.7288352138047782
0.12,0.34,0.7146030760856267
0.12,0.36,0.6999732306001877
0.12,0.38,0.6849611256901573
0.12,0.4,0.6695837517896727
0.12,0.42,0.6538595317672566
0.12,0.44,0.6378081981929967
0.12,0.46,0.6214506593807483
0.12,0.48,0.6048088562142935
0.12,0.5,0.5879056118757281
0.12,0.52,0.5707644766527031
0.12,0.54,0.5534095700088887
0.12,0.56,0.5358654220613543
0.12,0.58,0.518156816523072
0.12,0.6,0.5003086370432602
0.12,0.62,0.48234571871876075
0.12,0.64,0.46429270636246295
0.12,0.66,0.44617392090696417
0.12,0.68,0.4280132351001186
0.12,0.7000000000000001,0.4098339594206741
0.12,0.72,0.3916587389132197
0.12,0.74,0.37350946141794944
0.12,0.76,0.3554071774572632
0.12,0.78,0.33737203184221287
0.12,0.8,0.31942320688051434
0.12,0.8200000000000001,0.3015788769066733
0.12,0.84,0.28385617371528804
0.12,0.86,0.2662711623614689
0.12,0.88,0.24883882669763918
0.12,0.9,0.2315730639430897
0.12,0.92,0.21448668753050446
0.12,0.9400000000000001,0.19759143744071267
0.12,0.96,0.1808979972213927
0.12,0.98,0.16441601688532095
0.12,1.0,0.14815414089704015
0.14,0.0,0.8980032260609524
0.14,2.0e-2,0.8909367363286089
0.14,4.0e-2,0.8834643377949921
0.14,6.0e-2,0.8755751996843854
0.14,8.0e-2,0.8672595166644754
0.14,0.1,0.8585086335679976
0.14,0.12,0.8493151655130476
0.14,0.14,0.839673111471481
0.14,0.16,0.8295779593400663
0.14,0.18,0.8190267806197904
0.14,0.2,0.8080183129063062
0.14,0.22,0.7965530285389163
0.14,0.24,0.7846331879449494
0.14,0.26,0.7722628764475566
0.14,0.28,0.7594480235728339
0.14,0.3,0.7461964041902874
0.14,0.32,0.7325176211412918
0.14,0.34,0.7184230693445606
0.14,0.36,0.703925881706393
0.14,0.38,0.6890408574969052
0.14,0.4,0.6737843741719871
0.14,0.42,0.6581742839153623
0.14,0.44,0.6422297964376316
0.14,0.46,0.625971349792646
0.14,0.48,0.609420471150443
0.14,0.5,0.5925996295964926
0.14,0.52,0.5755320831070602
0.14,0.54,0.5582417218797914
0.14,0.56,0.540752910178607
0.14,0.58,0.5230903287855942
0.14,0.6,0.5052788200441806
0.14,0.62,0.48734323733285184
0.14,0.64,0.46930830063328977
0.14,0.66,0.45119845965779676
0.14,0.68,0.4330377657851718
0.14,0.7000000000000001,0.4148497538287223
0.14,0.72,0.3966573344313599
0.14,0.74,0.3784826976567853
0.14,0.76,0.3603472281279818
0.14,0.78,0.3422714318591066
0.14,0.8,0.32427487473809846
0.14,0.8200000000000001,0.3063761324476807
0.14,0.84,0.2885927514637987
0.14,0.86,0.2709412206440239
0.14,0.88,0.2534369528143298
0.14,0.9,0.23609427568062097
0.14,0.92,0.21892643133055859
0.14,0.9400000000000001,0.20194558355022707
0.14,0.96,0.18516283215739104
0.14,0.98,0.16858823354654232
0.14,1.0,0.15223082664864643
0.16,0.0,0.8989572104368653
0.16,2.0e-2,0.891997717167676
0.16,4.0e-2,0.8846366661604634
0.16,6.0e-2,0.8768629635516441
0.16,8.0e-2,0.8686664924968441
0.16,0.1,0.8600382383891139
0.16,0.12,0.8509704102191186
0.16,0.14,0.841456556148738
0.16,0.16,0.8314916713578556
0.16,0.18,0.8210722962566752
0.16,0.2,0.8101966032346322
0.16,0.22,0.7988644702423887
0.16,0.24,0.7870775396744804
0.16,0.26,0.7748392612342109
0.16,0.28,0.7621549177150263
0.16,0.3,0.7490316329180284
0.16,0.32,0.7354783612362396
0.16,0.34,0.7215058587644307
0.16,0.36,0.7071266361296296
0.16,0.38,0.6923548935722822
0.16,0.4,0.6772064391318718
0.16,0.42,0.661698591094326
0.16,0.44,0.6458500661332671
0.16,0.46,0.6296808548156458
0.16,0.48,0.6132120863384569
0.16,0.5,0.596465884512571
0.16,0.52,0.5794652171094825
0.16,0.54,0.562233740735947
0.16,0.56,0.5447956434007846
0.16,0.58,0.5271754868899684
0.16,0.6,0.5093980509741978
0.16,0.62,0.4914881813425696
0.16,0.64,0.47347064299252833
0.16,0.66,0.45536998061661127
0.16,0.68,0.4372103873173995
0.16,0.7000000000000001,0.4190155827605369
0.16,0.72,0.400808701648277
0.16,0.74,0.3826121931690807
0.16,0.76,0.36444773185789997
0.16,0.78,0.3463361400917804
0.16,0.8,0.3282973222503619
0.16,0.8200000000000001,0.3103502103938332
0.16,0.84,0.29251272115416094
0.16,0.86,0.2748017234003705
0.16,0.88,0.25723301612591154
0.16,0.9,0.23982131591560352
0.16,0.92,0.2225802532806797
0.16,0.9400000000000001,0.2055223771018214
0.16,0.96,0.18865916639031122
0.16,0.98,0.17200104856465792
0.16,1.0,0.15555742344232726
0.18,0.0,0.8994793723400324
0.18,2.0e-2,0.8926067165358265
0.18,4.0e-2,0.8853364753957439
0.18,6.0e-2,0.8776573516418777
0.18,8.0e-2,0.8695589816920422
0.18,0.1,0.8610320609528163
0.18,0.12,0.852068465909031
0.18,0.14,0.8426613711083348
0.18,0.16,0.8328053591132464
0.18,0.18,0.8224965215096887
0.18,0.2,0.811732549122905
0.18,0.22,0.8005128096998704
0.18,0.24,0.7888384114714295
0.18,0.26,0.7767122512052966
0.18,0.28,0.7641390455990199
0.18,0.3,0.7511253451347948
0.18,0.32,0.7376795298188823
0.18,0.34,0.723811786549473
0.18,0.36,0.7095340681892933
0.18,0.38,0.6948600347537703
0.18,0.4,0.6798049774525048
0.18,0.42,0.6643857266318691
0.18,0.44,0.6486205449509197
0.18,0.46,0.6325290073737203
0.18,0.48,0.6161318697719947
0.18,0.5,0.5994509280977539
0.18,0.52,0.5825088702027652
0.18,0.54,0.5653291224487756
0.18,0.56,0.5479356932694316
0.18,0.58,0.5303530158135589
0.18,0.6,0.5126057917231954
0.18,0.62,0.4947188379830266
0.18,0.64,0.4767169386262435
0.18,0.66,0.4586247029016607
0.18,0.68,0.44046643130489294
0.18,0.7000000000000001,0.4222659906594239
0.18,0.72,0.40404669920826236
0.18,0.74,0.38583122244994966
0.18,0.76,0.36764148022982296
0.18,0.78,0.349498565383746
0.18,0.8,0.33142267403134285
0.18,0.8200000000000001,0.31343304743251155
0.18,0.84,0.295547925157245
0.18,0.86,0.27778450917620273
0.18,0.88,0.2601589383590085
0.18,0.9,0.24268627276898647
0.18,0.92,0.2253804870665867
0.18,0.9400000000000001,0.20825447227808044
0.18,0.96,0.19132004514977102
0.18,0.98,0.1745879642893497
0.18,1.0,0.1580679522930637
0.2,0.0,0.8995487867869401
0.2,2.0e-2,0.8927418504932153
0.2,4.0e-2,0.8855408600845923
0.2,6.0e-2,0.8779343728386357
0.2,8.0e-2,0.8699118419902632
0.2,0.1,0.8614637417443043
0.2,0.12,0.8525816896455958
0.2,0.14,0.8432585644357597
0.2,0.16,0.8334886174873178
0.2,0.18,0.8232675759087503
0.2,0.2,0.812592735461362
0.2,0.22,0.8014630415218478
0.2,0.24,0.7898791564633345
0.2,0.26,0.7778435120108188
0.2,0.28,0.7653603453511919
0.2,0.3,0.7524357180386899
0.2,0.32,0.7390775170273877
0.2,0.34,0.725295437475843
0.2,0.36,0.711100947296656
0.2,0.38,0.6965072337564119
0.2,0.4,0.6815291327597638
0.2,0.42,0.666183041765802
0.2,0.44,0.6504868175765474
0.2,0.46,0.634459660498138
0.2,0.48,0.6181219865982212
0.2,0.5,0.6014952899625876
0.2,0.52,0.5846019969863319
0.2,0.54,0.5674653148175403
0.2,0.56,0.5501090761042571
0.2,0.58,0.5325575821794997
0.2,0.6,0.5148354467571153
0.2,0.62,0.4969674421074971
0.2,0.64,0.4789783495417712
0.2,0.66,0.46089281586215697
0.2,0.68,0.4427352172413438
0.2,0.7000000000000001,0.42452953178176944
0.2,0.72,0.40629922178342726
0.2,0.74,0.3880671265227633
0.2,0.76,0.36985536612137965
0.2,0.78,0.35168525686695173
0.2,0.8,0.33357723814463175
0.2,0.8200000000000001,0.3155508109488328
0.2,0.84,0.29762448777568135
0.2,0.86,0.27981575354736954
0.2,0.88,0.2621410370924337
0.2,0.9,0.244615692600917
0.2,0.92,0.22725399039023467
0.2,0.9400000000000001,0.21006911625551192
0.2,0.96,0.1930731786358948
0.2,0.98,0.17627722280427047
0.2,1.0,0.15969125128009634
0.22,0.0,0.8991397701550587
0.22,2.0e-2,0.8923763309616213
0.22,4.0e-2,0.8852218678520093
0.22,6.0e-2,0.8776648494224666
0.22,8.0e-2,0.8696946085375623
0.22,0.1,0.8613014667676893
0.22,0.12,0.8524768566478325
0.22,0.14,0.8432134399188123
0.22,0.16,0.8335052198637867
0.22,0.18,0.8233476458444954
0.22,0.2,0.8127377081766809
0.22,0.22,0.8016740215641662
0.22,0.24,0.7901568954366969
0.22,0.26,0.7781883897067641
0.22,0.28,0.7657723546725059
0.22,0.3,0.7529144540431916
0.22,0.32,0.7396221703449352
0.22,0.34,0.7259047922700812
0.22,0.36,0.7117733838559996
0.22,0.38,0.6972407357088946
0.22,0.4,0.6823212988162953
0.22,0.42,0.6670311018088226
0.22,0.44,0.6513876528285272
0.22,0.46,0.6354098274292906
0.22,0.48,0.6191177441672039
0.22,0.5,0.6025326297295662
0.22,0.52,0.5856766755958359
0.22,0.54,0.5685728883197754
0.22,0.56,0.5512449355683201
0.22,0.58,0.533716990049976
0.22,0.6,0.5160135734162967
0.22,0.62,0.49815940212782234
0.22,0.64,0.4801792371457891
0.22,0.66,0.46209773914869234
0.22,0.68,0.443939330784914
0.22,0.7000000000000001,0.42572806726574697
0.22,0.72,0.4074875163841958
0.22,0.74,0.38924064882035125
0.22,0.76,0.3710097393701533
0.22,0.78,0.3528162795164151
0.22,0.8,0.33468090155394004
0.22,0.8200000000000001,0.3166233142882847
0.22,0.84,0.2986622501533338
0.22,0.86,0.2808154234385166
0.22,0.88,0.2630994991836378
0.22,0.9,0.24553007218842696
0.22,0.92,0.2281216554950557
0.22,0.9400000000000001,0.21088767763423466
0.22,0.96,0.19384048787805927
0.22,0.98,0.17699136871386661
0.22,1.0,0.1603505547413283
0.24,0.0,0.8982213900478816
0.24,2.0e-2,0.8914779464774071
0.24,4.0e-2,0.8843459509529003
0.24,6.0e-2,0.8768138395917423
0.24,8.0e-2,0.8688708875945044
0.24,0.1,0.8605073328662969
0.24,0.12,0.8517144978220026
0.24,0.14,0.8424849075686069
0.24,0.16,0.8328124026018543
0.24,0.18,0.822692244137333
0.24,0.2,0.8121212102211767
0.24,0.22,0.8010976808350235
0.24,0.24,0.7896217103244718
0.24,0.26,0.7776950856393076
0.24,0.28,0.7653213690749432
0.24,0.3,0.752505924443931
0.24,0.32,0.7392559258787189
0.24,0.34,0.7255803487652551
0.24,0.36,0.7114899426237764
0.24,0.38,0.6969971860794301
0.24,0.4,0.6821162243920619
0.24,0.42,0.6668627903322828
0.24,0.44,0.6512541094906417
0.24,0.46,0.6353087913800575
0.24,0.48,0.6190467079310219
0.24,0.5,0.6024888611783228
0.24,0.52,0.585657242092472
0.24,0.54,0.5685746826155085
0.24,0.56,0.5512647030181095
0.24,0.58,0.5337513567033044
0.24,0.6,0.5160590745434706
0.24,0.62,0.49821251075516004
0.24,0.64,0.4802363921952207
0.24,0.66,0.46215537280725705
0.24,0.68,0.4439938947660076
0.24,0.7000000000000001,0.4257760576652639
0.24,0.72,0.407525496879434
0.24,0.74,0.3892652720061824
0.24,0.76,0.37101776607411413
0.24,0.78,0.35280459598081265
0.24,0.8,0.33464653441758335
0.24,0.8200000000000001,0.3165634433422071
0.24,0.84,0.29857421888302055
0.24,0.86,0.2806967473992564
0.24,0.88,0.2629478722851856
0.24,0.9,0.24534337099012843
0.24,0.92,0.22789794163283073
0.24,0.9400000000000001,0.21062519851650546
0.24,0.96,0.19353767579901254
0.24,0.98,0.17664683853971833
0.24,1.0,0.15996310032882774
0.26,0.0,0.8967570059078267
0.26,2.0e-2,0.8900085708642416
0.26,4.0e-2,0.8828734429863636
0.26,6.0e-2,0.8753400823656676
0.26,8.0e-2,0.8673977699515368
0.26,0.1,0.8590367301599471
0.26,0.12,0.8502482519236262
0.26,0.14,0.8410248064075081
0.26,0.16,0.831360159552072
0.26,0.18,0.8212494775837
0.26,0.2,0.8106894236489686
0.26,0.22,0.7996782437911726
0.26,0.24,0.7882158405933852
0.26,0.26,0.7763038329625617
0.26,0.28,0.7639456007215804
0.26,0.3,0.7511463129071545
0.26,0.32,0.7379129389361624
0.26,0.34,0.7242542420946974
0.26,0.36,0.7101807551154461
0.26,0.38,0.6957047379313831
0.26,0.4,0.6808401180181654
0.26,0.42,0.6656024140548154
0.26,0.44,0.6500086439332088
0.26,0.46,0.6340772184230514
0.26,0.48,0.6178278220428495
0.26,0.5,0.6012812828923909
0.26,0.52,0.5844594333636248
0.26,0.54,0.5673849637610462
0.26,0.56,0.550081270928253
0.26,0.58,0.5325723039941745
0.26,0.6,0.5148824093222583
0.26,0.62,0.4970361766717975
0.26,0.64,0.47905828846685955
0.26,0.66,0.4609733739204289
0.26,0.68,0.4428058695854343
0.26,0.7000000000000001,0.42457988770688376
0.26,0.72,0.40631909353705664
0.26,0.74,0.3880465925552278
0.26,0.76,0.3697848283109625
0.26,0.78,0.35155549139136466
0.26,0.8,0.33337943980281387
0.26,0.8200000000000001,0.31527663086093743
0.26,0.84,0.2972660645022689
0.26,0.86,0.2793657377697597
0.26,0.88,0.2615926100837404
0.26,0.9,0.2439625787910264
0.26,0.92,0.22649046438776607
0.26,0.9400000000000001,0.209190004735974
0.26,0.96,0.19207385753848422
0.26,0.98,0.17515361030096682
0.26,1.0,0.15843979699100152
0.28,0.0,0.8947038860480796
0.28,2.0e-2,0.8879237456198305
0.28,4.0e-2,0.8807581066445239
0.28,6.0e-2,0.8731955108895206
0.28,8.0e-2,0.8652253101835764
0.28,0.1,0.8568377878500846
0.28,0.12,0.8480242787300214
0.28,0.14,0.8387772860464275
0.28,0.16,0.8290905932981676
0.28,0.18,0.8189593693434567
0.28,0.2,0.808380264846794
0.28,0.22,0.7973514983189299
0.28,0.24,0.785872930079546
0.28,0.26,0.7739461226161468
0.28,0.28,0.7615743859985
0.28,0.3,0.748762807232484
0.28,0.32,0.7355182626955865
0.28,0.34,0.7218494130823383
0.28,0.36,0.7077666805943016
0.28,0.38,0.6932822084275502
0.28,0.4,0.6784098029320419
0.28,0.42,0.6631648591326716
0.28,0.44,0.6475642706022446
0.28,0.46,0.6316263249534716
0.28,0.48,0.6153705864628449
0.28,0.5,0.5988177675473262
0.28,0.52,0.5819895909800684
0.28,0.54,0.5649086448504554
0.28,0.56,0.5475982323445551
0.28,0.58,0.5300822184446439
0.28,0.6,0.5123848756220459
0.28,0.62,0.49453073052912894
0.28,0.64,0.476544413588051
0.28,0.66,0.4584505132309763
0.28,0.68,0.4402734363749771
0.28,0.7000000000000001,0.42203727652107265
0.28,0.72,0.40376569065759876
0.28,0.74,0.3854817859297856
0.28,0.76,0.3672080168164254
0.28,0.78,0.34896609333651224
0.28,0.8,0.3307769005988727
0.28,0.8200000000000001,0.31266042981044045
0.28,0.84,0.29463572067734195
0.28,0.86,0.2767208149701764
0.28,0.88,0.2589327208824159
0.28,0.9,0.24128738768985242
0.28,0.92,0.2237996901197324
0.28,0.9400000000000001,0.20648342176027862
0.28,0.96,0.18935129678387694
0.28,0.98,0.17241495921896202
0.28,1.0,0.15568499898497584
0.3,0.0,0.8920129667473968
0.3,2.0e-2,0.8851724022220387
0.3,4.0e-2,0.8779468192293686
0.3,6.0e-2,0.8703249013755465
0.3,8.0e-2,0.8622961394541764
0.3,0.1,0.8538509515620462
0.3,0.12,0.8449808018382298
0.3,0.14,0.8356783161028892
0.3,0.16,0.825937392607593
0.3,0.18,0.8157533060805531
0.3,0.2,0.8051228032614719
0.3,0.22,0.7940441881741418
0.3,0.24,0.782517395481827
0.3,0.26,0.7705440504105923
0.3,0.28,0.7581275139074729
0.3,0.3,0.7452729119205178
0.3,0.32,0.7319871479415986
0.3,0.34,0.718278898234435
0.3,0.36,0.7041585894723337
0.3,0.38,0.6896383588244966
0.3,0.4,0.6747319968477744
0.3,0.42,0.6594548738532862
0.3,0.44,0.643823850715604
0.3,0.46,0.6278571753677274
0.3,0.48,0.6115743664701913
0.3,0.5,0.5949960859509251
0.3,0.52,0.5781440022787143
0.3,0.54,0.5610406464537208
0.3,0.56,0.5437092627715456
0.3,0.58,0.5261736564424687
0.3,0.6,0.5084580401260318
0.3,0.62,0.4905868813759079
0.3,0.64,0.4725847528849464
0.3,0.66,0.45447618728060574
0.3,0.68,0.43628553805246045
0.3,0.7000000000000001,0.4180368480025266
0.3,0.72,0.39975372640227175
0.3,0.74,0.3814592358239915
0.3,0.76,0.3631757893948682
0.3,0.78,0.3449250590053129
0.3,0.8,0.3267278947941821
0.3,0.8200000000000001,0.3086042560365493
0.3,0.84,0.2905731533783748
0.3,0.86,0.27265260219943177
0.3,0.88,0.2548595867429598
0.3,0.9,0.2372100345288578
0.3,0.92,0.21971880046714923
0.3,0.9400000000000001,0.20239966000959284
0.3,0.96,0.18526531061891674
0.3,0.98,0.168327380795904
0.3,1.0,0.1515964458829305
0.32,0.0,0.8886288433938173
0.32,2.0e-2,0.881696815642526
0.32,4.0e-2,0.8743794884575211
0.32,6.0e-2,0.8666657513652981
0.32,8.0e-2,0.8585453066595476
0.32,0.1,0.8500087880623555
0.32,0.12,0.8410478779213719
0.32,0.14,0.8316554212396793
0.32,0.16,0.8218255347726415
0.32,0.18,0.8115537093991984
0.32,0.2,0.8008369039874319
0.32,0.22,0.7896736290281479
0.32,0.24,0.7780640184069472
0.32,0.26,0.7660098878245921
0.32,0.28,0.7535147785557482
0.32,0.3,0.7405839854542775
0.32,0.32,0.7272245683645117
0.32,0.34,0.7134453463764272
0.32,0.36,0.6992568746612315
0.32,0.38,0.6846714039345435
0.32,0.4,0.6697028229084944
0.32,0.42,0.6543665844027846
0.32,0.44,0.6386796160792529
0.32,0.46,0.6226602170364867
0.32,0.48,0.6063279417429676
0.32,0.5,0.589703472992701
0.32,0.52,0.572808485731225
0.32,0.54,0.5556655037187256
0.32,0.56,0.5382977510687779
0.32,0.58,0.5207290007257072
0.32,0.6,0.5029834219219326
0.32,0.62,0.48508542859175907
0.32,0.64,0.46705953061378663
0.32,0.66,0.44893018961554004
0.32,0.68,0.430721680906836
0.32,0.7000000000000001,0.41245796291904285
0.32,0.72,0.39416255532233296
0.32,0.74,0.3758584267786669
0.32,0.76,0.35756789307073333
0.32,0.78,0.33931252613218105
0.32,0.8,0.3211130742971722
0.32,0.8200000000000001,0.3029893938919695
0.32,0.84,0.28496039211136703
0.32,0.86,0.26704398096104537
0.32,0.88,0.24925704190512493
0.32,0.9,0.23161540073743314
0.32,0.92,0.21413381209564353
0.32,0.9400000000000001,0.19682595295913594
0.32,0.96,0.17970442441343126
0.32,0.98,0.16278076092509153
0.32,1.0,0.1460654463494594
0.34,0.0,0.8844901112715419
0.34,2.0e-2,0.8774329091343076
0.34,4.0e-2,0.8699893209706466
0.34,6.0e-2,0.8621485119634666
0.34,8.0e-2,0.8539004746782208
0.34,0.1,0.8452361461185495
0.34,0.12,0.8361475231012757
0.34,0.14,0.8266277742634803
0.34,0.16,0.8166713469566693
0.34,0.18,0.8062740672607777
0.34,0.2,0.7954332313672876
0.34,0.22,0.7841476866383477
0.34,0.24,0.7724179007485381
0.34,0.26,0.7602460174575311
0.34,0.28,0.7476358977435723
0.34,0.3,0.7345931452462519
0.34,0.32,0.7211251152177353
0.34,0.34,0.7072409064585893
0.34,0.36,0.692951336010382
0.34,0.38,0.6782688966844972
0.34,0.4,0.663207697816497
0.34,0.42,0.6477833899391512
0.34,0.44,0.6320130743563326
0.34,0.46,0.6159151988661586
0.34,0.48,0.5995094411177476
0.34,0.5,0.5828165812854944
0.34,0.52,0.565858365902965
0.34,0.54,0.54865736481197
0.34,0.56,0.5312368232493377
0.34,0.58,0.5136205111141078
0.34,0.6,0.49583257143280257
0.34,0.62,0.4778973699727586
0.34,0.64,0.4598393478473307
0.34,0.66,0.4416828788171009
0.34,0.68,0.42345213282378535
0.34,0.7000000000000001,0.405170947104593
0.34,0.72,0.3868627060307217
0.34,0.74,0.36855023060089726
0.34,0.76,0.35025567830539034
0.34,0.78,0.33200045386341415
0.34,0.8,0.31380513113212516
0.34,0.8200000000000001,0.29568938629289804
0.34,0.84,0.2776719422434893
0.34,0.86,0.25977052396573747
0.34,0.88,0.24200182449939112
0.34,0.9,0.2243814810344336
0.34,0.92,0.2069240605372877
0.34,0.9400000000000001,0.18964305425011008
0.34,0.96,0.17255088034628807
0.34,0.98,0.1556588939879202
0.34,1.0,0.13897740401092984
0.36,0.0,0.8795302016746316
0.36,2.0e-2,0.8723110601821928
0.36,4.0e-2,0.8647035974639387
0.36,6.0e-2,0.856697331793683
0.36,8.0e-2,0.8482826331265338
0.36,0.1,0.8394508383609479
0.36,0.12,0.8301943645639254
0.36,0.14,0.8205068184838067
0.36,0.16,0.8103831006250755
0.36,0.18,0.7998195021450283
0.36,0.2,0.788813792856242
0.36,0.22,0.7773652986835
0.36,0.24,0.765474967030052
0.36,0.26,0.7531454186552083
0.36,0.28,0.740380984851351
0.36,0.3,0.7271877289300357
0.36,0.32,0.7135734512791568
0.36,0.34,0.6995476775300798
0.36,0.36,0.6851216296680877
0.36,0.38,0.6703081802234867
0.36,0.4,0.6551217899858454
0.36,0.42,0.6395784299814744
0.36,0.44,0.6236954887359745
0.36,0.46,0.6074916661015632
0.36,0.48,0.590986855155885
0.36,0.5,0.5742020138691802
0.36,0.52,0.557159028385431
0.36,0.54,0.5398805698673275
0.36,0.56,0.522389946913111
0.36,0.58,0.504710955565572
0.36,0.6,0.4868677289013476
0.36,0.62,0.46888458811507067
0.36,0.64,0.4507858969020335
0.36,0.66,0.43259592079992576
0.36,0.68,0.41433869298060766
0.36,0.7000000000000001,0.39603788779306587
0.36,0.72,0.3777167031549004
0.36,0.74,0.35939775267825563
0.36,0.76,0.3411029682028919
0.36,0.78,0.3228535131995823
0.36,0.8,0.30466970730599324
0.36,0.8200000000000001,0.28657096206868143
0.36,0.84,0.2685757277921593
0.36,0.86,0.25070145124147764
0.36,0.88,0.23296454381017595
0.36,0.9,0.21538035965158572
0.36,0.92,0.19796318317860376
0.36,0.9400000000000001,0.18072622526472523
0.36,0.96,0.16368162742650463
0.36,0.98,0.14684047323338195
0.36,1.0,0.13021280617335673
0.38,0.0,0.8736788823894646
0.38,2.0e-2,0.8662575832583407
0.38,4.0e-2,0.8584451364327792
0.38,6.0e-2,0.8502315007775468
0.38,8.0e-2,0.841607521552932
0.38,0.1,0.8325650436302326
0.38,0.12,0.8230970221614212
0.38,0.14,0.8131976290356051
0.38,0.16,0.8028623534157591
0.38,0.18,0.7920880946458833
0.38,0.2,0.7808732458540295
0.38,0.22,0.7692177666522159
0.38,0.24,0.7571232434505405
0.38,0.26,0.7445929360589212
0.38,0.28,0.7316318094434489
0.38,0.3,0.7182465497316706
0.38,0.32,0.7044455638170541
0.38,0.34,0.6902389621912756
0.38,0.36,0.6756385249264686
0.38,0.38,0.6606576510302853
0.38,0.4,0.6453112916961534
0.38,0.42,0.6296158682610117
0.38,0.44,0.6135891759548849
0.38,0.46,0.5972502747733497
0.38,0.48,0.580619369018521
0.38,0.5,0.563717677231182
0.38,0.52,0.5465672943719091
0.38,0.54,0.5291910481998267
0.38,0.56,0.5116123518429637
0.38,0.58,0.49385505455439277
0.38,0.6,0.4759432926054457
0.38,0.62,0.4579013421844274
0.38,0.64,0.4397534760508017
0.38,0.66,0.42152382554594414
0.38,0.68,0.4032362493880572
0.38,0.7000000000000001,0.3849142104869261
0.38,0.72,0.3665806618100659
0.38,0.74,0.3482579421216108
0.38,0.76,0.3299676822047227
0.38,0.78,0.31173072197266033
0.38,0.8,0.293567038677407
0.38,0.8200000000000001,0.27549568624180387
0.38,0.84,0.2575347455744546
0.38,0.86,0.2397012855785003
0.38,0.88,0.22201133443711155
0.38,0.9,0.204479860650979
0.38,0.92,0.18712076321618912
0.38,0.9400000000000001,0.16994687026420965
0.38,0.96,0.15296994543822443
0.38,0.98,0.13620070125045403
0.38,1.0,0.11964881865171259
0.4,0.0,0.8668646019533637
0.4,2.0e-2,0.8591970784302323
0.4,4.0e-2,0.8511346449445779
0.4,6.0e-2,0.8426678011917541
0.4,8.0e-2,0.8337879792324724
0.4,0.1,0.824487654310073
0.4,0.12,0.8147604524436955
0.4,0.14,0.8046012531358868
0.4,0.16,0.7940062855086667
0.4,0.18,0.7829732161939486
0.4,0.2,0.7715012273547694
0.4,0.22,0.7595910833042627
0.4,0.24,0.7472451843195772
0.4,0.26,0.7344676064166222
0.4,0.28,0.7212641260557646
0.4,0.3,0.7076422289841982
0.4,0.32,0.6936111026822785
0.4,0.34,0.6791816121620669
0.4,0.36,0.6643662591592548
0.4,0.38,0.6491791250565745
0.4,0.4,0.6336357981693869
0.4,0.42,0.6177532863041884
0.4,0.44,0.6015499157603647
0.4,0.46,0.5850452181775387
0.4,0.48,0.5682598068290762
0.4,0.5,0.5512152441217956
0.4,0.52,0.5339339021791316
0.4,0.54,0.5164388184578037
0.4,0.56,0.49875354837602687
0.4,0.58,0.4809020169153043
0.4,0.6,0.4629083711003587
0.4,0.62,0.4447968351662614
0.4,0.64,0.4265915700929719
0.4,0.66,0.4083165390306245
0.4,0.68,0.389995379959915
0.4,0.7000000000000001,0.3716512867369364
0.4,0.72,0.353306899466962
0.4,0.74,0.33498420494289416
0.4,0.76,0.31670444767686196
0.4,0.78,0.2984880518527419
0.4,0.8,0.2803545543374287
0.4,0.8200000000000001,0.26232254871296967
0.4,0.84,0.2444096401329757
0.4,0.86,0.2266324106668612
0.4,0.88,0.2090063946757078
0.4,0.9,0.1915460636642683
0.4,0.92,0.1742648199747885
0.4,0.9400000000000001,0.15717499862912368
0.4,0.96,0.14028787658508535
0.4,0.98,0.12361368864950709
0.4,1.0,0.10716164928258247
0.42,0.0,0.8590178430601811
0.42,2.0e-2,0.8510558242581718
0.42,4.0e-2,0.8426941476817486
0.42,6.0e-2,0.8339239697433453
0.42,8.0e-2,0.8247374374261487
0.42,0.1,0.8151277962128126
0.42,0.12,0.8050894939216592
0.42,0.14,0.794618278794766
0.42,0.16,0.7837112901768253
0.42,0.18,0.772367140155239
0.42,0.2,0.7605859846023204
0.42,0.22,0.7483695821702803
0.42,0.24,0.735721339938079
0.42,0.26,0.7226463445942105
0.42,0.28,0.7091513782574718
0.42,0.3,0.695244918284138
0.42,0.32,0.6809371206786852
0.42,0.34,0.6662397870094269
0.42,0.36,0.651166315022559
0.42,0.38,0.6357316334400401
0.42,0.4,0.6199521217102995
0.42,0.42,0.6038455157480226
0.42,0.44,0.5874308009427206
0.42,0.46,0.570728093928875
0.42,0.48,0.5537585147876188
0.42,0.5,0.5365440514869491
0.42,0.52,0.5191074184615685
0.42,0.54,0.501471911283325
0.42,0.56,0.48366125937907634
0.42,0.58,0.46569947871627115
0.42,0.6,0.44761072630055476
0.42,0.62,0.42941915821832055
0.42,0.64,0.4111487928152083
0.42,0.66,0.3928233804347705
0.42,0.68,0.37446628095575474
0.42,0.7000000000000001,0.35610035016775704
0.42,0.72,0.337747835819499
0.42,0.74,0.319430283967169
0.42,0.76,0.30116845604747156
0.42,0.78,0.28298225690577655
0.42,0.8,0.2648906738278543
0.42,0.8200000000000001,0.24691172645735468
0.42,0.84,0.2290624273325695
0.42,0.86,0.21135875264682277
0.42,0.88,0.1938156227277601
0.42,0.9,0.17644689164210595
0.42,0.92,0.15926534526369218
0.42,0.9400000000000001,0.14228270709283264
0.42,0.96,0.12550965108324996
0.42,0.98,0.10895582071704267
0.42,1.0,9.2629853567046e-2
0.44,0.0,0.8500755985128845
0.44,2.0e-2,0.8417663446103119
0.44,4.0e-2,0.8330516399870775
0.44,6.0e-2,0.8239234322826201
0.44,8.0e-2,0.8143747313100986
0.44,0.1,0.804399713421329
0.44,0.12,0.7939938206945324
0.44,0.14,0.783153853298389
0.44,0.16,0.7718780534045397
0.44,0.18,0.7601661790772416
0.44,0.2,0.7480195666643055
0.44,0.22,0.7354411803474601
0.44,0.24,0.7224356476812699
0.44,0.26,0.7090092801547543
0.44,0.28,0.6951700780446374
0.44,0.3,0.6809277190882672
0.44,0.32,0.6662935307811644
0.44,0.34,0.651280446391628
0.44,0.36,0.6359029450749542
0.44,0.38,0.6201769767545827
0.44,0.4,0.604119872708862
0.44,0.42,0.5877502430525265
0.44,0.44,0.5710878625245861
0.44,0.46,0.5541535461832002
0.44,0.48,0.5369690167586394
0.44,0.5,0.5195567655242733
0.44,0.52,0.5019399086108589
0.44,0.54,0.4841420407109234
0.44,0.56,0.4661870880987446
0.44,0.58,0.44809916282991563
0.44,0.6,0.4299024198861985
0.44,0.62,0.4116209189009984
0.44,0.64,0.39327849194359776
0.44,0.66,0.3748986186620119
0.44,0.68,0.35650430989106674
0.44,0.7000000000000001,0.3381180006299372
0.44,0.72,0.3197614530877695
0.44,0.74,0.3014556702924172
0.44,0.76,0.2832208205606081
0.44,0.78,0.26507617294201735
0.44,0.8,0.2470400435782666
0.44,0.8200000000000001,0.22912975276323186
0.44,0.84,0.21136159235517996
0.44,0.86,0.19375080307514359
0.44,0.88,0.17631156113013105
0.44,0.9,0.1590569735238859
0.44,0.92,0.14199908136145217
0.44,0.9400000000000001,0.125148870415516
0.44,0.96,0.10851628820099112
0.44,0.98,9.211026679790786e-2
0.44,1.0,7.593875066957652e-2
0.46,0.0,0.8399869803809035
0.46,2.0e-2,0.8312731780028776
0.46,4.0e-2,0.8221470116356576
0.46,6.0e-2,0.8126013760360642
0.46,8.0e-2,0.8026303145324928
0.46,0.1,0.7922291189151572
0.46,0.12,0.7813944228154669
0.46,0.14,0.7701242869449232
0.46,0.16,0.7584182746130188
0.46,0.18,0.7462775160313561
0.46,0.2,0.7337047600375726
0.46,0.22,0.7207044120362918
0.46,0.24,0.707282557152545
0.46,0.26,0.6934469678219324
0.46,0.28,0.6792070952959967
0.46,0.3,0.6645740448145956
0.46,0.32,0.6495605344823283
0.46,0.34,0.6341808381756119
0.46,0.36,0.6184507130927199
0.46,0.38,0.60238731283309
0.46,0.4,0.586009087146709
0.46,0.42,0.5693356697224712
0.46,0.44,0.5523877555799895
0.46,0.46,0.5351869697874537
0.46,0.48,0.5177557293452736
0.46,0.5,0.5001171001492455
0.46,0.52,0.4822946509771924
0.46,0.54,0.46431230643026344
0.46,0.56,0.44619420070653854
0.46,0.58,0.42796453399352946
0.46,0.6,0.4096474331421457
0.46,0.62,0.39126681813265446
0.46,0.64,0.37284627566897827
0.46,0.66,0.3544089410471442
0.46,0.68,0.3359773892429493
0.46,0.7000000000000001,0.3175735359586337
0.46,0.72,0.2992185491641066
0.46,0.74,0.2809327714698214
0.46,0.76,0.2627356534801294
0.46,0.78,0.24464569810124517
0.46,0.8,0.22668041561969593
0.46,0.8200000000000001,0.2088562892272248
0.46,0.84,0.19118875054781145
0.46,0.86,0.173692164622359
0.46,0.88,0.15637982372660691
0.46,0.9,0.13926394933730019
0.46,0.92,0.12235570151965114
0.46,0.9400000000000001,0.10566519498423221
0.46,0.96,8.920152105200373e-2
0.46,0.98,7.297277477045354e-2
0.46,1.0,5.69860864398872e-2
0.48,0.0,0.8287198123750871
0.48,2.0e-2,0.8195397160149123
0.48,4.0e-2,0.8099391250545823
0.48,6.0e-2,0.7999120607382969
0.48,8.0e-2,0.7894537957677452
0.48,0.1,0.7785609485193538
0.48,0.12,0.767231569126924
0.48,0.14,0.7554652158309108
0.48,0.16,0.7432630200827679
0.48,0.18,0.7306277390191249
0.48,0.2,0.7175637940846827
0.48,0.22,0.7040772947819918
0.48,0.24,0.6901760467566349
0.48,0.26,0.675869543682556
0.48,0.28,0.6611689426880138
0.48,0.3,0.6460870233506693
0.48,0.32,0.6306381305828408
0.48,0.34,0.614838102016867
0.48,0.36,0.598704180777686
0.48,0.38,0.5822549147874392
0.48,0.4,0.5655100439780056
0.48,0.42,0.5484903769857501
0.48,0.44,0.5312176590633764
0.48,0.46,0.51371443306304
0.48,0.48,0.49600389542054535
0.48,0.5,0.4781097491019199
0.48,0.52,0.4600560554616399
0.48,0.54,0.44186708690852583
0.48,0.56,0.42356718218411726
0.48,0.58,0.40518060593368255
0.48,0.6,0.386731414097036
0.48,0.62,0.36824332647078806
0.48,0.64,0.3497396076015748
0.48,0.66,0.33124295696721284
0.48,0.68,0.3127754091955564
0.48,0.7000000000000001,0.2943582448645014
0.48,0.72,0.2760119122261147
0.48,0.74,0.2577559600075545
0.48,0.76,0.23960898126482874
0.48,0.78,0.22158856810535904
0.48,0.8,0.20371127695374025
0.48,0.8200000000000001,0.18599260391333033
0.48,0.84,0.16844696967491665
0.48,0.86,0.15108771334261376
0.48,0.88,0.1339270944858154
0.48,0.9,0.11697630268336102
0.48,0.92,0.10024547380071695
0.48,0.9400000000000001,8.37437122313094e-2
0.48,0.96,6.747911833729739e-2
0.48,0.98,5.145882034121774e-2
0.48,1.0,3.56890099461147e-2
0.5,0.0,0.8162678422612648
0.5,2.0e-2,0.8065557576495488
0.5,4.0e-2,0.796413706144329
0.5,6.0e-2,0.7858370391843761
0.5,8.0e-2,0.7748224810863225
0.5,0.1,0.7633682160571362
0.5,0.12,0.7514739651069441
0.5,0.14,0.7391410513161244
0.5,0.16,0.7263724520453432
0.5,0.18,0.7131728368510278
0.5,0.2,0.6995485900786689
0.5,0.22,0.685507817347913
0.5,0.24,0.6710603354110264
0.5,0.26,0.656217645153192
0.5,0.28,0.6409928878016403
0.5,0.3,0.6254007847125787
0.5,0.32,0.6094575614018406
0.5,0.34,0.5931808567686919
0.5,0.36,0.5765896187243615
0.5,0.38,0.5597039876703701
0.5,0.4,0.5425451694704009
0.5,0.42,0.5251352997183439
0.5,0.44,0.5074973012207556
0.5,0.46,0.48965473668230003
0.5,0.48,0.471631658607415
0.5,0.5,0.45345245841148424
0.5,0.52,0.43514171667281026
0.5,0.54,0.4167240563562961
0.5,0.56,0.3982240007057464
0.5,0.58,0.37966583733962145
0.5,0.6,0.36107348990086796
0.5,0.62,0.3424703984114304
0.5,0.64,0.32387940927242914
0.5,0.66,0.3053226756377681
0.5,0.68,0.2868215686777446
0.5,0.7000000000000001,0.26839660004499155
0.5,0.72,0.2500673556621497
0.5,0.74,0.2318524407725048
0.5,0.76,0.21376943603419393
0.5,0.78,0.19583486429735997
0.5,0.8,0.17806416758298116
0.5,0.8200000000000001,0.16047169368245767
0.5,0.84,0.14307069171821138
0.5,0.86,0.12587331594683818
0.5,0.88,0.1088906370465783
0.5,0.9,9.213266010851667e-2
0.5,0.92,7.560834854433261e-2
0.5,0.9400000000000001,5.9325653130594555e-2
0.5,0.96,4.329154542863062e-2
0.5,0.98,2.7512054847949916e-2
0.5,1.0,1.1992308658048371e-2
0.52,0.0,0.8026579699271076
0.52,2.0e-2,0.792345172250043
0.52,4.0e-2,0.781591439100209
0.52,6.0e-2,0.7703936790949095
0.52,8.0e-2,0.7587503161190438
0.52,0.1,0.7466613672366076
0.52,0.12,0.734128508132887
0.52,0.14,0.721155124625305
0.52,0.16,0.7077463489750053
0.52,0.18,0.6939090799634093
0.52,0.2,0.6796519859630333
0.52,0.22,0.6649854905232665
0.52,0.24,0.6499217403019463
0.52,0.26,0.6344745554938854
0.52,0.28,0.6186593632289713
0.52,0.3,0.602493114725815
0.52,0.32,0.5859941872831761
0.52,0.34,0.5691822724621189
0.52,0.36,0.5520782520494947
0.52,0.38,0.534704063591689
0.52,0.4,0.517082557441745
0.52,0.42,0.49923734736978204
0.52,0.44,0.4811926568445674
0.52,0.46,0.4629731631033503
0.52,0.48,0.4446038410894078
0.52,0.5,0.42610980925544034
0.52,0.52,0.4075161791105012
0.52,0.54,0.38884791023396287
0.52,0.56,0.3701296722984376
0.52,0.58,0.35138571544101876
0.52,0.6,0.3326397501056648
0.52,0.62,0.31391483725542596
0.52,0.64,0.2952332896279664
0.52,0.66,0.2766165844870807
0.52,0.68,0.25808528811170445
0.52,0.7000000000000001,0.23965899206653674
0.52,0.72,0.22135626111810539
0.52,0.74,0.20319459249954808
0.52,0.76,0.18519038608806013
0.52,0.78,0.16735892494183843
0.52,0.8,0.1497143655484986
0.52,0.8200000000000001,0.1322697370639071
0.52,0.84,0.11503694876808526
0.52,0.86,9.802680493195526e-2
0.52,0.88,8.124902627336907e-2
0.52,0.9,6.471227718124323e-2
0.52,0.92,4.8424197900545383e-2
0.52,0.9400000000000001,3.2391440896342216e-2
0.52,0.96,1.6619710649933558e-2
0.52,0.98,1.1138061823705073e-3
0.52,1.0,-1.4122334351532356e-2
0.54,0.0,0.7879566643335238
0.54,2.0e-2,0.7769728215406839
0.54,4.0e-2,0.7655353952135293
0.54,6.0e-2,0.7536430977741819
0.54,8.0e-2,0.7412963230827088
0.54,0.1,0.7284972129828232
0.54,0.12,0.715249708527288
0.54,0.14,0.7015595845473206
0.54,0.16,0.68743446649854
0.54,0.18,0.6728838288197717
0.54,0.2,0.6579189743724322
0.54,0.22,0.6425529948780124
0.54,0.24,0.6268007126293031
0.54,0.26,0.6106786041068717
0.54,0.28,0.5942047064753022
0.54,0.3,0.5773985082536585
0.54,0.32,0.5602808257422088
0.54,0.34,0.5428736670345613
0.54,0.36,0.5252000856444724
0.54,0.38,0.5072840259250601
0.54,0.4,0.4891501625520937
0.54,0.42,0.4708237363818229
0.54,0.44,0.4523303889784629
0.54,0.46,0.433695998040035
0.54,0.48,0.41494651583824993
0.54,0.5,0.3961078126342776
0.54,0.52,0.3772055268444332
0.54,0.54,0.35826492351534583
0.54,0.56,0.3393107624347612
0.54,0.58,0.3203671769594271
0.54,0.6,0.30145756439282995
0.54,0.62,0.2826044884996391
0.54,0.64,0.2638295945066003
0.54,0.66,0.24515353671636256
0.54,0.68,0.22659591865553502
0.54,0.7000000000000001,0.20817524549417776
0.54,0.72,0.18990888831319275
0.54,0.74,0.1718130596597724
0.54,0.76,0.15390279971969428
0.54,0.78,0.1361919723482767
0.54,0.8,0.11869327013832907
0.54,0.8200000000000001,0.10141822766188353
0.54,0.84,8.437724200096794e-2
0.54,0.86,6.75795996790572e-2
0.54,0.88,5.1033509116794024e-2
0.54,0.9,3.47461377606953e-2
0.54,0.92,1.8723653069614075e-2
0.54,0.9400000000000001,2.9712665883295294e-3
0.54,0.96,-1.250671961123162e-2
0.54,0.98,-2.7706864784959314e-2
0.54,1.0,-4.2626540273023386e-2
0.56,0.0,0.7722746035079041
0.56,2.0e-2,0.7605497285552998
0.56,4.0e-2,0.7483567387772366
0.56,6.0e-2,0.7356964099886042
0.56,8.0e-2,0.7225713924956079
0.56,0.1,0.7089862636766446
0.56,0.12,0.694947561820265
0.56,0.14,0.680463800064785
0.56,0.16,0.6655454596448674
0.56,0.18,0.6502049620422043
0.56,0.2,0.6344566200486291
0.56,0.22,0.618316568168066
0.56,0.24,0.6018026731955791
0.56,0.26,0.5849344262045167
0.56,0.28,0.5677328175340925
0.56,0.3,0.5502201966887652
0.56,0.32,0.5324201193281952
0.56,0.34,0.5143571837352595
0.56,0.36,0.49605685929480303
0.56,0.38,0.47754530959522856
0.56,0.4,0.45884921277891033
0.56,0.42,0.43999558171827363
0.56,0.44,0.42101158648698755
0.56,0.46,0.4019243814364191
0.56,0.48,0.38276093898427144
0.56,0.5,0.3635478919838485
0.56,0.52,0.3443113862780658
0.56,0.54,0.32507694476150367
0.56,0.56,0.30586934398557253
0.56,0.58,0.28671250405473436
0.56,0.6,0.26762939228322247
0.56,0.62,0.2486419408183838
0.56,0.64,0.22977097819385137
0.56,0.66,0.21103617455733198
0.56,0.68,0.19245600012664418
0.56,0.7000000000000001,0.17404769626539457
0.56,0.72,0.1558272584368409
0.56,0.74,0.13780943019075492
0.56,0.76,0.12000770726218449
0.56,0.78,0.1024343508111809
0.56,0.8,8.51004088064895e-2
0.56,0.8200000000000001,6.80157445513047e-2
0.56,0.84,5.118907136264192e-2
0.56,0.86,3.4627992444885396e-2
0.56,0.88,1.8339045039722977e-2
0.56,0.9,2.327747986330159e-3
0.56,0.92,-1.3401348115220512e-2
0.56,0.9400000000000001,-2.88446088801237e-2
0.56,0.96,-4.39992629300141e-2
0.56,0.98,-5.8863348105969555e-2
0.56,1.0,-7.34356576417298e-2
0.58,0.0,0.7557685829463963
0.58,2.0e-2,0.7432354701297137
0.58,4.0e-2,0.730217618753865
0.58,6.0e-2,0.716718130734539
0.58,8.0e-2,0.7027422056351228
0.58,0.1,0.6882971764319616
0.58,0.12,0.6733925224403361
0.58,0.14,0.6580398584910084
0.58,0.16,0.6422528999234367
0.58,0.18,0.6260474034617267
0.58,0.2,0.6094410845467835
0.58,0.22,0.5924535121960701
0.58,0.24,0.5751059829342249
0.58,0.26,0.5574213757678941
0.58,0.28,0.5394239905526418
0.58,0.3,0.5211393724072116
0.58,0.32,0.5025941250622328
0.58,0.34,0.4838157161813038
0.58,0.36,0.4648322777603217
0.58,0.38,0.44567240469724384
0.58,0.4,0.4263649545336147
0.58,0.42,0.40693885120816836
0.58,0.44,0.387422895440957
0.58,0.46,0.3678455840945388
0.58,0.48,0.3482349405487048
0.58,0.5,0.32861835778920584
0.58,0.52,0.30902245556107777
0.58,0.54,0.28947295258480027
0.58,0.56,0.26999455448898496
0.58,0.58,0.2506108577855616
0.58,0.6,0.23134426990974546
0.58,0.62,0.21221594507327268
0.58,0.64,0.19324573543931278
0.58,0.66,0.17445215692364874
0.58,0.68,0.15585236875994918
0.58,0.7000000000000001,0.1374621658369696
0.58,0.72,0.11929598272077703
0.58,0.74,0.10136690821332882
0.58,0.76,8.368670926693454e-2
0.58,0.78,6.626586306895363e-2
0.58,0.8,4.911359612878655e-2
0.58,0.8200000000000001,3.223792923622138e-2
0.58,0.84,1.564572721268656e-2
0.58,0.86,-6.572475584498349e-4
0.58,0.88,-1.6666278763000232e-2
0.58,0.9,-3.2377637809671275e-2
0.58,0.92,-4.7788524284975605e-2
0.58,0.9400000000000001,-6.289700590426414e-2
0.58,0.96,-7.770195857099058e-2
0.58,0.98,-9.220300707572555e-2
0.58,1.0,-0.10640046688947438
0.6,0.0,0.7386399448116875
0.6,2.0e-2,0.7252369634354461
0.6,4.0e-2,0.711330333695959
0.6,6.0e-2,0.696925736798965
0.6,8.0e-2,0.6820312079381772
0.6,0.1,0.6666571522772434
0.6,0.12,0.6508163332122621
0.6,0.14,0.6345238323240903
0.6,0.16,0.6177969810496594
0.6,0.18,0.6006552647344721
0.6,0.2,0.5831202003519387
0.6,0.22,0.5652151897669639
0.6,0.24,0.5469653509601395
0.6,0.26,0.528397330096283
0.6,0.28,0.5095390977014435
0.6,0.3,0.4904197324943599
0.6,0.32,0.4710691965947366
0.6,0.34,0.4515181058992248
0.6,0.36,0.43179749937891165
0.6,0.38,0.4119386109158745
0.6,0.4,0.39197264707106955
0.6,0.42,0.3719305738745012
0.6,0.44,0.35184291536638407
0.6,0.46,0.3317395662110824
0.6,0.48,0.3116496202706489
0.6,0.5,0.2916012165778058
0.6,0.52,0.27162140370426596
0.6,0.54,0.25173602309249726
0.6,0.56,0.23196961151867262
0.6,0.58,0.21234532249038982
0.6,0.6,0.1928848660612947
0.6,0.62,0.17360846627012777
0.6,0.64,0.1545348351858949
0.6,0.66,0.1356811623639191
0.6,0.68,0.11706311838775188
0.6,0.7000000000000001,9.869487108654362e-2
0.6,0.72,8.058911297243992e-2
0.6,0.74,6.275709843334942e-2
0.6,0.76,4.5208689238090835e-2
0.6,0.78,2.79524069582273e-2
0.6,0.8,1.0995490978925994e-2
0.6,0.8200000000000001,-5.656039145014986e-3
0.6,0.84,-2.1997318136563925e-2
0.6,0.86,-3.8024567293291525e-2
0.6,0.88,-5.373502557315886e-2
0.6,0.9,-6.912688030143671e-2
0.6,0.92,-8.419919822516886e-2
0.6,0.9400000000000001,-9.895185753949606e-2
0.6,0.96,-0.11338548141309183
0.6,0.98,-0.12750137344927656
0.6,1.0,-0.14130145543559106
0.62,0.0,0.7211291824152615
0.62,2.0e-2,0.7068032222932282
0.62,4.0e-2,0.691952263889846
0.62,6.0e-2,0.6765847967848546
0.62,8.0e-2,0.6607119567025159
0.62,0.1,0.644347518811128
0.62,0.12,0.6275078575273068
0.62,0.14,0.6102118726328142
0.62,0.16,0.5924808823097238
0.62,0.18,0.5743384844958429
0.62,0.2,0.5558103887262348
0.62,0.22,0.5369242213292176
0.62,0.24,0.5177093074598061
0.62,0.26,0.4981964339579994
0.62,0.28,0.47841759739645645
0.62,0.3,0.45840574192125727
0.62,0.32,0.4381944915861486
0.62,0.34,0.4178178818372407
0.62,0.36,0.39731009462967487
0.62,0.38,0.3767052013639301
0.62,0.4,0.35603691743487587
0.62,0.42,0.3353383717121636
0.62,0.44,0.3146418937385102
0.62,0.46,0.2939788208657318
0.62,0.48,0.27337932696910244
0.62,0.5,0.2528722738091808
0.62,0.52,0.23248508556443284
0.62,0.54,0.21224364655258862
0.62,0.56,0.1921722217052143
0.62,0.58,0.17229339896635418
0.62,0.6,0.15262805245706806
0.62,0.62,0.13319532498495656
0.62,0.64,0.11401262828028101
0.62,0.66,9.509565920496058e-2
0.62,0.68,7.645843010269206e-2
0.62,0.7000000000000001,5.8113311431576456e-2
0.62,0.72,4.0071084838202924e-2
0.62,0.74,2.2341004886874457e-2
0.62,0.76,4.930867742385199e-3
0.62,0.78,-1.2152914787386632e-2
0.62,0.8,-2.890523731839593e-2
0.62,0.8200000000000001,-4.5322220400881665e-2
0.62,0.84,-6.140112866644418e-2
0.62,0.86,-7.714028866247657e-2
0.62,0.88,-9.253900728458359e-2
0.62,0.9,-0.10759749158258082
0.62,0.92,-0.12231677058789302
0.62,0.9400000000000001,-0.1366986196912013
0.62,0.96,-0.1507454879901019
0.62,0.98,-0.16446042892785734
0.62,1.0,-0.17784703445628475
0.64,0.0,0.7035069112242391
0.64,2.0e-2,0.688216218875369
0.64,4.0e-2,0.6723766462906198
0.64,6.0e-2,0.655999681075349
0.64,8.0e-2,0.6390997868236741
0.64,0.1,0.6216943711330561
0.64,0.12,0.603803713346476
0.64,0.14,0.5854508523065147
0.64,0.16,0.5666614354225665
0.64,0.18,0.5474635313481164
0.64,0.2,0.527887409498967
0.64,0.22,0.5079652904775226
0.64,0.24,0.4877310721694702
0.64,0.26,0.46722003682092733
0.64,0.28,0.44646854476789727
0.64,0.3,0.42551372066631143
0.64,0.32,0.40439313805979266
0.64,0.34,0.38314450793223026
0.64,0.36,0.36180537653973316
0.64,0.38,0.34041283732460187
0.64,0.4,0.31900326111022187
0.64,0.42,0.29761204809088015
0.64,0.44,0.27627340439594933
0.64,0.46,0.2550201452544313
0.64,0.48,0.23388352604191556
0.64,0.5,0.21289310178265786
0.64,0.52,0.19207661502516696
0.64,0.54,0.1714599114264608
0.64,0.56,0.15106688187869285
0.64,0.58,0.13091942959856562
0.64,0.6,0.11103746027644072
0.64,0.62,9.143889314664223e-2
0.64,0.64,7.213969068798211e-2
0.64,0.66,5.3153904586818006e-2
0.64,0.68,3.449373558505649e-2
0.64,0.7000000000000001,1.616960488256134e-2
0.64,0.72,-1.8097651427859689e-3
0.64,0.74,-1.9437263003617415e-2
0.64,0.76,-3.670729490888452e-2
0.64,0.78,-5.36156880796188e-2
0.64,0.8,-7.015959216076796e-2
0.64,0.8200000000000001,-8.633738012469716e-2
0.64,0.84,-0.10214854987303026
0.64,0.86,-0.11759362756063811
0.64,0.88,-0.1326740734921724
0.64,0.9,-0.14739219128006847
0.64,0.92,-0.16175104080505445
0.64,0.9400000000000001,-0.17575435538680748
0.64,0.96,-0.18940646345390216
0.64,0.98,-0.202712214898417
0.64,1.0,-0.21567691221105778
0.66,0.0,0.6860619572358061
0.66,2.0e-2,0.6697785862968871
0.66,4.0e-2,0.6529199078242447
0.66,6.0e-2,0.6355005429362816
0.66,8.0e-2,0.6175384571197948
0.66,0.1,0.5990549009126912
0.66,0.12,0.58007430244478
0.66,0.14,0.5606241126658171
0.66,0.16,0.5407346053734842
0.66,0.18,0.5204386353924403
0.66,0.2,0.4997713593953728
0.66,0.22,0.47876992484890435
0.66,0.24,0.45747313336959
0.66,0.26,0.43592108535645724
0.66,0.28,0.4141548131067497
0.66,0.3,0.392215909713638
0.66,0.32,0.370146160894339
0.66,0.34,0.3479871865216001
0.66,0.36,0.32578009805842517
0.66,0.38,0.3035651773604369
0.66,0.4,0.28138158145285885
0.66,0.42,0.25926707695262974
0.66,0.44,0.2372578068332836
0.66,0.46,0.21538809126110628
0.66,0.48,0.1936902633012989
0.66,0.5,0.1721945394323451
0.66,0.52,0.15092892403858688
0.66,0.54,0.12991914639135074
0.66,0.56,0.10918862808722239
0.66,0.58,8.87584784912947e-2
0.66,0.6,6.864751543112102e-2
0.66,0.62,4.887230819684917e-2
0.66,0.64,2.9447239814452294e-2
0.66,0.66,1.0384585559622886e-2
0.66,0.68,-8.30539524410033e-3
0.66,0.7000000000000001,-2.661435696226696e-2
0.66,0.72,-4.453575755663451e-2
0.66,0.74,-6.206474307953646e-2
0.66,0.76,-7.91980289326826e-2
0.66,0.78,-9.59337798163258e-2
0.66,0.8,-0.11227149004110992
0.66,0.8200000000000001,-0.12821186562614903
0.66,0.84,-0.14375670936875254
0.66,0.86,-0.15890880984793607
0.66,0.88,-0.1736718351183567
0.66,0.9,-0.1880502316655213
0.66,0.92,-0.2020491290277249
0.66,0.9400000000000001,-0.21567425034542215
0.66,0.96,-0.22893182897403802
0.66,0.98,-0.24182853119058403
0.66,1.0,-0.2543713849366691
0.68,0.0,0.6690877643362958
0.68,2.0e-2,0.651799396470375
0.68,4.0e-2,0.6339068209015732
0.68,6.0e-2,0.615427860664259
0.68,8.0e-2,0.5963840897246346
0.68,0.1,0.5768007451153387
0.68,0.12,0.5567065818992559
0.68,0.14,0.5361336723845255
0.68,0.16,0.5151171526171476
0.68,0.18,0.49369492070915655
0.68,0.2,0.471907292948816
0.68,0.22,0.4497966248213719
0.68,0.24,0.4274069049921354
0.68,0.26,0.4047833309301454
0.68,0.28,0.38197187515893555
0.68,0.3,0.3590188511071751
0.68,0.32,0.33597048720949346
0.68,0.34,0.3128725173053101
0.68,0.36,0.2897697945426137
0.68,0.38,0.26670593496513584
0.68,0.4,0.24372299580174844
0.68,0.42,0.2208611922441464
0.68,0.44,0.19815865524911092
0.68,0.46,0.17565123168603813
0.68,0.48,0.15337232701269077
0.68,0.5,0.13135278963728242
0.68,0.52,0.10962083523825378
0.68,0.54,8.820200858010376e-2
0.68,0.56,6.711917979097244e-2
0.68,0.58,4.639257165389356e-2
0.68,0.6,2.603981420071359e-2
0.68,0.62,6.0760227724369585e-3
0.68,0.64,-1.3486104294437081e-2
0.68,0.66,-3.263617209808534e-2
0.68,0.68,-5.136596327996717e-2
0.68,0.7000000000000001,-6.96693031300551e-2
0.68,0.72,-8.754191871813606e-2
0.68,0.74,-0.1049812947635003
0.68,0.76,-0.12198652862423838
0.68,0.78,-0.1385581864545211
0.68,0.8,-0.15469816225347277
0.68,0.8200000000000001,-0.17040954122019164
0.68,0.84,-0.18569646854177432
0.68,0.86,-0.2005640244784547
0.68,0.88,-0.21501810637451002
0.68,0.9,-0.22906531801612784
0.68,0.92,-0.24271286657789912
0.68,0.9400000000000001,-0.2559684672469594
0.68,0.96,-0.26884025548648377
0.68,0.98,-0.2813367067963226
0.68,1.0,-0.2934665637457894
0.7000000000000001,0.0,0.6528685561656837
0.7000000000000001,2.0e-2,0.6345795244387439
0.7000000000000001,4.0e-2,0.6156550671364421
0.7000000000000001,6.0e-2,0.5961162003358
0.7000000000000001,8.0e-2,0.5759881341634289
0.7000000000000001,0.1,0.5553001562718478
0.7000000000000001,0.12,0.5340854479227779
0.7000000000000001,0.14,0.512380834707311
0.7000000000000001,0.16,0.4902264759182655
0.7000000000000001,0.18,0.4676654984722355
0.7000000000000001,0.2,0.44474358296679184
0.7000000000000001,0.22,0.42150851087075253
0.7000000000000001,0.24,0.3980096829164499
0.7000000000000001,0.26,0.374297619446322
0.7000000000000001,0.28,0.3504234537384573
0.7000000000000001,0.3,0.32643842919706795
0.7000000000000001,0.32,0.3023934107671311
0.7000000000000001,0.34,0.27833842006055187
0.7000000000000001,0.36,0.2543222025233414
0.7000000000000001,0.38,0.23039183359958754
0.7000000000000001,0.4,0.2065923693345423
0.7000000000000001,0.42,0.1829665452823665
0.7000000000000001,0.44,0.15955452601622738
0.7000000000000001,0.46,0.13639370604354134
0.7000000000000001,0.48,0.113518561560119
0.7000000000000001,0.5,9.096055127411838e-2
0.7000000000000001,0.52,6.874806352091221e-2
0.7000000000000001,0.54,4.6906406087336885e-2
0.7000000000000001,0.56,2.545783457065494e-2
0.7000000000000001,0.58,4.421614706358473e-3
0.7000000000000001,0.6,-1.6185886105774223e-2
0.7000000000000001,0.62,-3.6351082887272755e-2
0.7000000000000001,0.64,-5.606303748670481e-2
0.7000000000000001,0.66,-7.531330779823177e-2
0.7000000000000001,0.68,-9.409578598174143e-2
0.7000000000000001,0.7000000000000001,-0.1124065295064032
0.7000000000000001,0.72,-0.13024358843238268
0.7000000000000001,0.74,-0.14760683191820506
0.7000000000000001,0.76,-0.1644977765108039
0.7000000000000001,0.78,-0.18091941835519768
0.7000000000000001,0.8,-0.1968760710616169
0.7000000000000001,0.8200000000000001,-0.2123732105973415
0.7000000000000001,0.84,-0.227417328233578
0.7000000000000001,0.86,-0.24201579227726516
0.7000000000000001,0.88,-0.2561767190548098
0.7000000000000001,0.9,-0.2699088533889912
0.7000000000000001,0.92,-0.28322145862018566
0.7000000000000001,0.9400000000000001,-0.29612421606633366
0.7000000000000001,0.96,-0.30862713368994116
0.7000000000000001,0.98,-0.32074046364179365
0.7000000000000001,1.0,-0.3324746282766888
0.72,0.0,0.6376666572225611
0.72,2.0e-2,0.6183981056931936
0.72,4.0e-2,0.598460819220667
0.72,6.0e-2,0.5778789138642233
0.72,8.0e-2,0.556681176498521
0.72,0.1,0.5349009208853448
0.72,0.12,0.5125757649446905
0.72,0.14,0.48974733183168295
0.72,0.16,0.4664608798565388
0.72,0.18,0.44276486858170644
0.72,0.2,0.4187104704768236
0.72,0.22,0.39435103920449016
0.72,0.24,0.36974154686485083
0.72,0.26,0.34493800328772023
0.72,0.28,0.31999687070070876
0.72,0.3,0.29497448682493976
0.72,0.32,0.26992650869065754
0.72,0.34,0.24490738828337258
0.72,0.36,0.2199698896074626
0.72,0.38,0.19516465498203578
0.72,0.4,0.17053982646302232
0.72,0.42,0.1461407263145612
0.72,0.44,0.12200959852306946
0.72,0.46,9.818541153801554e-2
0.72,0.48,7.470372079774928e-2
0.72,0.5,5.1596588202614126e-2
0.72,0.52,2.8892554559234215e-2
0.72,0.54,6.616660150629102e-3
0.72,0.56,-1.520949201659492e-2
0.72,0.58,-3.656763608987325e-2
0.72,0.6,-5.7442712302422774e-2
0.72,0.62,-7.782271082088067e-2
0.72,0.64,-9.769849614234431e-2
0.72,0.66,-0.11706361732026473
0.72,0.68,-0.13591410885282768
0.72,0.7000000000000001,-0.1542482865612641
0.72,0.72,-0.17206654224676918
0.72,0.74,-0.1893711403670096
0.72,0.76,-0.20616601943577698
0.72,0.78,-0.22245660033717463
0.72,0.8,-0.2382496032695925
0.72,0.8200000000000001,-0.2535528746019839
0.72,0.84,-0.2683752245397448
0.72,0.86,-0.2827262761613878
0.72,0.88,-0.29661632609986704
0.72,0.9,-0.3100562169017887
0.72,0.92,-0.3230572209008525
0.72,0.9400000000000001,-0.3356309352848931
0.72,0.96,-0.3477891879146894
0.72,0.98,-0.359543953362892
0.72,1.0,-0.37090727857873396
0.74,0.0,0.6237121080686132
0.74,2.0e-2,0.6035013263663689
0.74,4.0e-2,0.5825866894241475
0.74,6.0e-2,0.56099523263105
0.74,8.0e-2,0.5387591684707816
0.74,0.1,0.515915718026499
0.74,0.12,0.492506851150857
0.74,0.14,0.46857893839293524
0.74,0.16,0.44418232071593355
0.74,0.18,0.4193708058205661
0.74,0.2,0.3942011023614375
0.74,0.22,0.3687322053758681
0.74,0.24,0.3430247477314152
0.74,0.26,0.31714033326861124
0.74,0.28,0.29114086753703994
0.74,0.3,0.2650879016041282
0.74,0.32,0.23904200340359802
0.74,0.34,0.21306216956411056
0.74,0.36,0.1872052887235143
0.74,0.38,0.16152566511155123
0.74,0.4,0.1360746088017323
0.74,0.42,0.11090009661619571
0.74,0.44,8.604650532959568e-2
0.74,0.46,6.155441665614252e-2
0.74,0.48,3.746049159310029e-2
0.74,0.5,1.3797410086591713e-2
0.74,0.52,-9.406129289573196e-3
0.74,0.54,-3.212535588632801e-2
0.74,0.56,-5.433932661282884e-2
0.74,0.58,-7.603078580186852e-2
0.74,0.6,-9.718599249050532e-2
0.74,0.62,-0.1177945221050584
0.74,0.64,-0.13784904916415758
0.74,0.66,-0.15734511710176205
0.74,0.68,-0.17628090070654584
0.74,0.7000000000000001,-0.19465696601324373
0.74,0.72,-0.2124760317984465
0.74,0.74,-0.22974273615538465
0.74,0.76,-0.24646341097086458
0.74,0.78,-0.26264586651870064
0.74,0.8,-0.2782991878286204
0.74,0.8200000000000001,-0.29343354399423016
0.74,0.84,-0.30806001115114295
0.74,0.86,-0.322190409486774
0.74,0.88,-0.33583715433435235
0.74,0.9,-0.3490131211516033
0.74,0.92,-0.3617315239844317
0.74,0.9400000000000001,-0.3740058068623233
0.74,0.96,-0.3858495474593635
0.74,0.98,-0.39727637227703055
0.74,1.0,-0.40829988255685945
0.76,0.0,0.6111952848092957
0.76,2.0e-2,0.5900943434803891
0.76,4.0e-2,0.5682529330451334
0.76,6.0e-2,0.5457007400678913
0.76,8.0e-2,0.5224731587005584
0.76,0.1,0.49861110220352517
0.76,0.12,0.47416070958890494
0.76,0.14,0.4491729507996543
0.76,0.16,0.42370313735622045
0.76,0.18,0.3978103487399241
0.76,0.2,0.37155678775509354
0.76,0.22,0.3450070805547752
0.76,0.24,0.31822753879472654
0.76,0.26,0.2912854024071675
0.76,0.28,0.26424808171869313
0.76,0.3,0.2371824170863756
0.76,0.32,0.21015397295195815
0.76,0.34,0.18322638131752014
0.76,0.36,0.15646074726057513
0.76,0.38,0.12991512638555508
0.76,0.4,0.10364408121254481
0.76,0.42,7.769832058855847e-2
0.76,0.44,5.21244234120313e-2
0.76,0.46,2.69646454048438e-2
0.76,0.48,2.2568054374966545e-3
0.76,0.5,-2.196575392857504e-2
0.76,0.52,-4.567413844221984e-2
0.76,0.54,-6.884381447230255e-2
0.76,0.56,-9.145446999413047e-2
0.76,0.58,-0.11348983285929187
0.76,0.6,-0.13493745487813946
0.76,0.62,-0.15578846990595172
0.76,0.64,-0.17603733358281207
0.76,0.66,-0.19568155168974788
0.76,0.68,-0.21472140330189637
0.76,0.7000000000000001,-0.23315966408947
0.76,0.72,-0.2510013342778932
0.76,0.74,-0.2682533749608345
0.76,0.76,-0.28492445568770386
0.76,0.78,-0.3010247155372852
0.76,0.8,-0.3165655392521554
0.76,0.8200000000000001,-0.3315593494498869
0.76,0.84,-0.34601941544801457
0.76,0.86,-0.35995967883837404
0.76,0.88,-0.3733945956183554
0.76,0.9,-0.3863389944259344
0.76,0.92,-0.398807950225094
0.76,0.9400000000000001,-0.41081667264113625
0.76,0.96,-0.42238040804395793
0.76,0.98,-0.4335143544145422
0.76,1.0,-0.44423358799896484
0.78,0.0,0.6002627630030055
0.78,2.0e-2,0.578336630616592
0.78,4.0e-2,0.5556322608543905
0.78,6.0e-2,0.5321816392228826
0.78,8.0e-2,0.5080230071181985
0.78,0.1,0.483200659772301
0.78,0.12,0.45776462495362175
0.78,0.14,0.43177022591365166
0.78,0.16,0.40527753622304735
0.78,0.18,0.37835073810680825
0.78,0.2,0.3510573994412533
0.78,0.22,0.32346768751022276
0.78,0.24,0.29565353976677905
0.78,0.26,0.2676878130943726
0.78,0.28,0.23964343335368252
0.78,0.3,0.21159256634805076
0.78,0.32,0.18360582981278353
0.78,0.34,0.15575156375568144
0.78,0.36,0.1280951736123969
0.78,0.38,0.10069855741980151
0.78,0.4,7.361962475148609e-2
0.78,0.42,4.6911911692938714e-2
0.78,0.44,2.062429283132849e-2
0.78,0.46,-5.199211762128681e-3
0.78,0.48,-3.0519539164351607e-2
0.78,0.5,-5.5302602559354735e-2
0.78,0.52,-7.951923482978814e-2
0.78,0.54,-0.10314506617050981
0.78,0.56,-0.1261603457160631
0.78,0.58,-0.1485497173446777
0.78,0.6,-0.170301959623538
0.78,0.62,-0.19140969936408606
0.78,0.64,-0.21186910753401775
0.78,0.66,-0.23167958539357014
0.78,0.68,-0.2508434477505339
0.78,0.7000000000000001,-0.2693656092157073
0.78,0.72,-0.2872532783332092
0.78,0.74,-0.3045156634934905
0.78,0.76,-0.3211636936369116
0.78,0.78,-0.3372097559399356
0.78,0.8,-0.35266745195437416
0.78,0.8200000000000001,-0.36755137304690666
0.78,0.84,-0.38187689546051223
0.78,0.86,-0.39565999488731646
0.78,0.88,-0.40891708009687006
0.78,0.9,-0.4216648448967404
0.78,0.92,-0.4339201375043225
0.78,0.9400000000000001,-0.44569984627060916
0.78,0.96,-0.45702080060903827
0.78,0.98,-0.4678996859368551
0.78,1.0,-0.47835297142465655
0.8,0.0,0.5910162495069151
0.8,2.0e-2,0.5683405921046821
0.8,4.0e-2,0.5448481251964168
0.8,6.0e-2,0.5205727034218957
0.8,8.0e-2,0.4955549959675077
0.8,0.1,0.46984227915565174
0.8,0.12,0.44348809485039237
0.8,0.14,0.41655177792010356
0.8,0.16,0.3890978608305777
0.8,0.18,0.36119536810333286
0.8,0.2,0.3329170175891842
0.8,0.22,0.30433834902360607
0.8,0.24,0.2755368029386351
0.8,0.26,0.24659077455803333
0.8,0.28,0.21757866772374593
0.8,0.3,0.1885779731966181
0.8,0.32,0.1596643939228743
0.8,0.34,0.13091103720619787
0.8,0.36,0.10238769037027408
0.8,0.38,7.416019266680493e-2
0.8,0.4,4.62899121192158e-2
0.8,0.42,1.883333192437227e-2
0.8,0.44,-8.158252828884707e-3
0.8,0.46,-3.46389308540637e-2
0.8,0.48,-6.0568268490882766e-2
0.8,0.5,-8.59113097813285e-2
0.8,0.52,-0.11063849271131689
0.8,0.54,-0.13472549271290568
0.8,0.56,-0.15815300513337766
0.8,0.58,-0.1809064784822456
0.8,0.6,-0.20297580994467815
0.8,0.62,-0.2243550139871135
0.8,0.64,-0.24504187396588314
0.8,0.66,-0.2650375855658168
0.8,0.68,-0.28434639971791686
0.8,0.7000000000000001,-0.30297527143707853
0.8,0.72,-0.3209335198344389
0.8,0.74,-0.338232503433877
0.8,0.76,-0.35488531388685457
0.8,0.78,-0.3709064902522902
0.8,0.8,-0.38631175519803723
0.8,0.8200000000000001,-0.4011177737902632
0.8,0.84,-0.4153419349637671
0.8,0.86,-0.42900215530316976
0.8,0.88,-0.4421167044026222
0.8,0.9,-0.45470405079918974
0.8,0.92,-0.46678272728083103
0.8,0.9400000000000001,-0.4783712142422471
0.8,0.96,-0.4894878396897619
0.8,0.98,-0.500150694469416
0.8,1.0,-0.5103775613013793
0.8200000000000001,0.0,0.5835141062056846
0.8200000000000001,2.0e-2,0.5601729584345808
0.8200000000000001,4.0e-2,0.5359759815312459
0.8200000000000001,6.0e-2,0.5109584011373369
0.8200000000000001,8.0e-2,0.48516281801248085
0.8200000000000001,0.1,0.45863900516661327
0.8200000000000001,0.12,0.4314435556262374
0.8200000000000001,0.14,0.40363938341378136
0.8200000000000001,0.16,0.37529508586174587
0.8200000000000001,0.18,0.3464841807959319
0.8200000000000001,0.2,0.31728423707829556
0.8200000000000001,0.22,0.28777592119330153
0.8200000000000001,0.24,0.25804198573240616
0.8200000000000001,0.26,0.22816622759000835
0.8200000000000001,0.28,0.19823244432795292
0.8200000000000001,0.3,0.16832341648574115
0.8200000000000001,0.32,0.13851994169383436
0.8200000000000001,0.34,0.10889994345341684
0.8200000000000001,0.36,7.953767360684796e-2
0.8200000000000001,0.38,5.050302310881794e-2
0.8200000000000001,0.4,2.1860951004653614e-2
0.8200000000000001,0.42,-6.328963193031787e-3
0.8200000000000001,0.44,-3.401284301599923e-2
0.8200000000000001,0.46,-6.114271776263737e-2
0.8200000000000001,0.48,-8.767661119506706e-2
0.8200000000000001,0.5,-0.11357852572937772
0.8200000000000001,0.52,-0.13881833366397625
0.8200000000000001,0.54,-0.16337158829981588
0.8200000000000001,0.56,-0.18721926844633083
0.8200000000000001,0.58,-0.2103474698565457
0.8200000000000001,0.6,-0.23274705669085544
0.8200000000000001,0.62,-0.25441328527676343
0.8200000000000001,0.64,-0.27534541131691936
0.8200000000000001,0.66,-0.29554629039926744
0.8200000000000001,0.68,-0.3150219802690802
0.8200000000000001,0.7000000000000001,-0.33378135190755504
0.8200000000000001,0.72,-0.3518357150849633
0.8200000000000001,0.74,-0.36919846276282065
0.8200000000000001,0.76,-0.38588473754022473
0.8200000000000001,0.78,-0.4019111222933687
0.8200000000000001,0.8,-0.4172953562531089
0.8200000000000001,0.8200000000000001,-0.43205607700419296
0.8200000000000001,0.84,-0.44621258826606763
0.8200000000000001,0.86,-0.4597846528195058
0.8200000000000001,0.88,-0.4727923095633806
0.8200000000000001,0.9,-0.4852557134079723
0.8200000000000001,0.92,-0.497194996520973
0.8200000000000001,0.9400000000000001,-0.5086301493259481
0.8200000000000001,0.96,-0.5195809195971385
0.8200000000000001,0.98,-0.530066727987198
0.8200000000000001,1.0,-0.5401065983549453
0.84,0.0,0.5777748287718188
0.84,2.0e-2,0.5538582938438348
0.84,4.0e-2,0.5290468232005566
0.84,6.0e-2,0.5033764586338879
0.84,8.0e-2,0.4768911702055632
0.84,0.1,0.4496426692636189
0.84,0.12,0.42169005706057094
0.84,0.14,0.3930993104077911
0.84,0.16,0.36394261205822065
0.84,0.18,0.3342975397121826
0.84,0.2,0.3042461333078311
0.84,0.22,0.27387386522296164
0.84,0.24,0.24326854186046956
0.84,0.26,0.21251916757502376
0.84,0.28,0.18171480288171662
0.84,0.3,0.1509434483375248
0.84,0.32,0.12029098348313053
0.84,0.34,8.984018695573627e-2
0.84,0.36,5.9669859592206734e-2
0.84,0.38,2.9854067348038426e-2
0.84,0.4,4.6151549605046683e-4
0.84,0.42,-2.8444939832465804e-2
0.84,0.44,-5.680864184559885e-2
0.84,0.46,-8.457934875113267e-2
0.84,0.48,-0.11171332256062205
0.84,0.5,-0.1381733018782273
0.84,0.52,-0.16392837182879327
0.84,0.54,-0.1889537457575289
0.84,0.56,-0.21323047403415618
0.84,0.58,-0.236745095310637
0.84,0.6,-0.25948924502877396
0.84,0.62,-0.2814592349769574
0.84,0.64,-0.30265561637889576
0.84,0.66,-0.32308273747786437
0.84,0.68,-0.3427483049608419
0.84,0.7000000000000001,-0.36166295693416356
0.84,0.72,-0.3798398535842329
0.84,0.74,-0.3972942901840386
0.84,0.76,-0.41404333577302527
0.84,0.78,-0.43010549966435285
0.84,0.8,-0.44550042692818614
0.84,0.8200000000000001,-0.4602486231614458
0.84,0.84,-0.4743712081757512
0.84,0.86,-0.48788969770362267
0.84,0.88,-0.5008258118230723
0.84,0.9,-0.5132013085157221
0.84,0.92,-0.5250378405864987
0.84,0.9400000000000001,-0.5363568340673056
0.84,0.96,-0.5471793861874324
0.84,0.98,-0.5575261810059832
0.84,1.0,-0.5674174208540174
0.86,0.0,0.5737818086350566
0.86,2.0e-2,0.5493839021685691
0.86,4.0e-2,0.5240522317570442
0.86,6.0e-2,0.4978230572514285
0.86,8.0e-2,0.4707411024191241
0.86,0.1,0.4428593962799198
0.86,0.12,0.4142389356146176
0.86,0.14,0.3849481683980215
0.86,0.16,0.3550623048566227
0.86,0.18,0.3246624698582744
0.86,0.2,0.29383471697153396
0.86,0.22,0.26266893035735683
0.86,0.24,0.23125764529182558
0.86,0.26,0.19969482126352822
0.86,0.28,0.16807460305075936
0.86,0.3,0.13649010489667177
0.86,0.32,0.10503225092995046
0.86,0.34,7.378870151016027e-2
0.86,0.36,4.284289049474894e-2
0.86,0.38,1.2273192880851174e-2
0.86,0.4,-1.784776374541151e-2
0.86,0.42,-4.745363663352448e-2
0.86,0.44,-7.648475270640354e-2
0.86,0.46,-0.10488834466013168
0.86,0.48,-0.13261864671568496
0.86,0.5,-0.15963686204632385
0.86,0.52,-0.185911016568376
0.86,0.54,-0.21141571548572893
0.86,0.56,-0.23613181978464096
0.86,0.58,-0.26004605989265933
0.86,0.6,-0.28315060307703943
0.86,0.62,-0.3054425900097973
0.86,0.64,-0.32692365441376403
0.86,0.66,-0.34759943796255005
0.86,0.68,-0.36747911075685696
0.86,0.7000000000000001,-0.3865749058398585
0.86,0.72,-0.4049016744238085
0.86,0.74,-0.42247646683629486
0.86,0.76,-0.4393181426959815
0.86,0.78,-0.4554470125161987
0.86,0.8,-0.47088451181857127
0.86,0.8200000000000001,-0.48565290791561183
0.86,0.84,-0.4997750387807484
0.86,0.86,-0.5132740828511755
0.86,0.88,-0.5261733581847255
0.86,0.9,-0.5384961490967577
0.86,0.92,-0.5502655582167938
0.86,0.9400000000000001,-0.5615043818081669
0.86,0.96,-0.5722350061695329
0.86,0.98,-0.5824793229688686
0.86,1.0,-0.5922586614346428
0.88,0.0,0.5714887641223964
0.88,2.0e-2,0.5467054742751489
0.88,4.0e-2,0.5209502417830922
0.88,6.0e-2,0.49425891805526395
0.88,8.0e-2,0.4666763259245357
0.88,0.1,0.4382561423932398
0.88,0.12,0.40906058922242655
0.88,0.14,0.37915992886499233
0.88,0.16,0.3486317708241549
0.88,0.18,0.3175602013133835
0.88,0.2,0.28603475661641226
0.88,0.22,0.2541492673034748
0.88,0.24,0.22200060599749893
0.88,0.26,0.18968737532856356
0.88,0.28,0.15730857481124913
0.88,0.3,0.12496228551424512
0.88,0.32,9.274440960184938e-2
0.88,0.34,6.0747498292716355e-2
0.88,0.36,2.905969680302669e-2
0.88,0.38,-2.236171193288803e-3
0.88,0.4,-3.3063363710848545e-2
0.88,0.42,-6.335181616675023e-2
0.88,0.44,-9.303857023345216e-2
0.88,0.46,-0.12206803943811627
0.88,0.48,-0.1503921203133034
0.88,0.5,-0.1779701620893448
0.88,0.52,-0.20476881100994168
0.88,0.54,-0.23076174735014732
0.88,0.56,-0.255929334188169
0.88,0.58,-0.2802581970488079
0.88,0.6,-0.3037407528482029
0.88,0.62,-0.3263747052937782
0.88,0.64,-0.3481625221973522
0.88,0.66,-0.36911090820005266
0.88,0.68,-0.3892302843232911
0.88,0.7000000000000001,-0.4085342836657703
0.88,0.72,-0.4270392705527194
0.88,0.74,-0.4447638885763025
0.88,0.76,-0.46172864128916974
0.88,0.78,-0.4779555078508811
0.88,0.8,-0.49346759468815543
0.88,0.8200000000000001,-0.5082888232109991
0.88,0.84,-0.5224436528154303
0.88,0.86,-0.5359568377813773
0.88,0.88,-0.5488532162196647
0.88,0.9,-0.5611575289116538
0.88,0.92,-0.572894265695909
0.88,0.9400000000000001,-0.5840875369661461
0.88,0.96,-0.5947609678335558
0.88,0.98,-0.6049376125562319
0.88,1.0,-0.6146398869333266
0.9,0.0,0.5708253385470565
0.9,2.0e-2,0.5457529378737733
0.9,4.0e-2,0.5196714426140634
0.9,6.0e-2,0.4926156564384379
0.9,8.0e-2,0.46462982289605786
0.9,0.1,0.4357675628067276
0.9,0.12,0.4060916077872172
0.9,0.14,0.37567332459200986
0.9,0.16,0.3445920330666114
0.9,0.18,0.31293412904039974
0.9,0.2,0.2807920318968611
0.9,0.22,0.2482629842972522
0.9,0.24,0.21544773807024054
0.9,0.26,0.1824491651625509
0.9,0.28,0.14937083544360427
0.9,0.3,0.11631560389407523
0.9,0.32,8.338424827734049e-2
0.9,0.34,5.067419495337688e-2
0.9,0.36,1.8278365351766464e-2
0.9,0.38,-1.371583081101409e-2
0.9,0.4,-4.5227336724332205e-2
0.9,0.42,-7.618211278951692e-2
0.9,0.44,-0.10651362012952736
0.9,0.46,-0.13616312620868118
0.9,0.48,-0.1650798413962663
0.9,0.5,-0.19322090013041004
0.9,0.52,-0.22055120394569674
0.9,0.54,-0.24704314600537233
0.9,0.56,-0.2726762379932551
0.9,0.58,-0.29743666039957206
0.9,0.6,-0.32131675654672426
0.9,0.62,-0.3443144893333551
0.9,0.64,-0.3664328778185545
0.9,0.66,-0.38767942860207844
0.9,0.68,-0.4080655746401143
0.9,0.7000000000000001,-0.4276061318022695
0.9,0.72,-0.44631878122843166
0.9,0.74,-0.4642235834603982
0.9,0.76,-0.4813425284532031
0.9,0.78,-0.4976991239432359
0.9,0.8,-0.5133180232745111
0.9,0.8200000000000001,-0.5282246926568017
0.9,0.84,-0.5424451169354259
0.9,0.86,-0.5560055422712543
0.9,0.88,-0.5689322536360104
0.9,0.9,-0.5812513846956365
0.9,0.92,-0.5929887574569542
0.9,0.9400000000000001,-0.604169748965029
0.9,0.96,-0.6148191823375931
0.9,0.98,-0.6249612394882424
0.9,1.0,-0.6346193930043674
0.92,0.0,0.5717024947446276
0.92,2.0e-2,0.5464361109165614
0.92,4.0e-2,0.5201248890046266
0.92,6.0e-2,0.4928019486744174
0.92,8.0e-2,0.4645102680070728
0.92,0.1,0.43530268837135566
0.92,0.12,0.4052417058582016
0.92,0.14,0.3743990406032397
0.92,0.16,0.3428549838437079
0.92,0.18,0.3106975317251575
0.92,0.2,0.27802132412935615
0.92,0.22,0.24492641552829125
0.92,0.24,0.21151691247751628
0.92,0.26,0.1778995183085365
0.92,0.28,0.14418202944747543
0.92,0.3,0.11047182932096186
0.92,0.32,7.687442494132486e-2
0.92,0.34,4.349206811284313e-2
0.92,0.36,1.04224980623454e-2
0.92,0.38,-2.224216439898286e-2
0.92,0.4,-5.441634881106308e-2
0.92,0.42,-8.6021778946059e-2
0.92,0.44,-0.11698802265049536
0.92,0.46,-0.14725284930167404
0.92,0.48,-0.17676240325925072
0.92,0.5,-0.20547120724194848
0.92,0.52,-0.23334201378068828
0.92,0.54,-0.2603455257551227
0.92,0.56,-0.2864600085684745
0.92,0.58,-0.3116708168872182
0.92,0.6,-0.3359698582488572
0.92,0.62,-0.3593550144306811
0.92,0.64,-0.38182953948890924
0.92,0.66,-0.4034014510247399
0.92,0.68,-0.4240829286934512
0.92,0.7000000000000001,-0.4438897313977628
0.92,0.72,-0.4628406421180669
0.92,0.74,-0.48095694701885716
0.92,0.76,-0.4982619533920225
0.92,0.78,-0.5147805491874272
0.92,0.8,-0.5305388053518013
0.92,0.8200000000000001,-0.5455636209447432
0.92,0.84,-0.559882410009826
0.92,0.86,-0.5735228284259369
0.92,0.88,-0.586512538420977
0.92,0.9,-0.5988790080669503
0.92,0.92,-0.610649342862509
0.92,0.9400000000000001,-0.6218501464178823
0.92,0.96,-0.6325074072619782
0.92,0.98,-0.6426464088694541
0.92,1.0,-0.6522916601369578
0.9400000000000001,0.0,0.5740174626049596
0.9400000000000001,2.0e-2,0.5486498960044446
0.9400000000000001,4.0e-2,0.5222035387258994
0.9400000000000001,6.0e-2,0.4947092086794146
0.9400000000000001,8.0e-2,0.4662079403620222
0.9400000000000001,0.1,0.4367510690817512
0.9400000000000001,0.12,0.4064000947972097
0.9400000000000001,0.14,0.3752263130791579
0.9400000000000001,0.16,0.3433102094545003
0.9400000000000001,0.18,0.31074062306575345
0.9400000000000001,0.2,0.2776136955927229
0.9400000000000001,0.22,0.2440316310844009
0.9400000000000001,0.24,0.21010130106734493
0.9400000000000001,0.26,0.17593273640917229
0.9400000000000001,0.28,0.1416375524105469
0.9400000000000001,0.3,0.10732735612814592
0.9400000000000001,0.32,7.311218484562024e-2
0.9400000000000001,0.34,3.909902197177751e-2
0.9400000000000001,0.36,5.390431717448316e-3
0.9400000000000001,0.38,-2.791665288642344e-2
0.9400000000000001,0.4,-6.073196217093991e-2
0.9400000000000001,0.42,-9.29727245680349e-2
0.9400000000000001,0.44,-0.12456429518494001
0.9400000000000001,0.46,-0.15544057797538072
0.9400000000000001,0.48,-0.18554424885707896
0.9400000000000001,0.5,-0.21482679348908063
0.9400000000000001,0.52,-0.2432483783625573
0.9400000000000001,0.54,-0.2707775773030015
0.9400000000000001,0.56,-0.2973909774700617
0.9400000000000001,0.58,-0.32307268960181623
0.9400000000000001,0.6,-0.3478137867733858
0.9400000000000001,0.62,-0.37161169455091764
0.9400000000000001,0.64,-0.3944695533581477
0.9400000000000001,0.66,-0.4163955713629544
0.9400000000000001,0.68,-0.43740238344241766
0.9400000000000001,0.7000000000000001,-0.45750642897243554
0.9400000000000001,0.72,-0.4767273584521844
0.9400000000000001,0.74,-0.49508747641874823
0.9400000000000001,0.76,-0.5126112258037022
0.9400000000000001,0.78,-0.5293247168723348
0.9400000000000001,0.8,-0.5452553021842298
0.9400000000000001,0.8200000000000001,-0.5604311976187079
0.9400000000000001,0.84,-0.5748811484039589
0.9400000000000001,0.86,-0.5886341382489932
0.9400000000000001,0.88,-0.6017191390719198
0.9400000000000001,0.9,-0.6141648984131677
0.9400000000000001,0.92,-0.6259997613848942
0.9400000000000001,0.9400000000000001,-0.637251523906215
0.9400000000000001,0.96,-0.6479473139792068
0.9400000000000001,0.98,-0.6581134978471336
0.9400000000000001,1.0,-0.6677756080220489
0.96,0.0,0.5776581042212616
0.96,2.0e-2,0.5522788693810271
0.96,4.0e-2,0.5257890597706913
0.96,6.0e-2,0.49821660694732617
0.96,8.0e-2,0.4695999472213526
0.96,0.1,0.4399881956065633
0.96,0.12,0.4094410954918121
0.96,0.14,0.3780287273620094
0.96,0.16,0.3458309686820724
0.96,0.18,0.31293670705666476
0.96,0.2,0.2794428194153479
0.96,0.22,0.2454529405659291
0.96,0.24,0.21107605428015444
0.96,0.26,0.17642494842010537
0.96,0.28,0.14161458186969283
0.96,0.3,0.1067604147507031
0.96,0.32,7.19767543296127e-2
0.96,0.34,3.73751671417261e-2
0.96,0.36,3.0630033817704073e-3
0.96,0.38,-3.085792705812854e-2
0.96,0.4,-6.429249582455546e-2
0.96,0.42,-9.715319282729774e-2
0.96,0.44,-0.12936084628521136
0.96,0.46,-0.1608451232478302
0.96,0.48,-0.1915448162399477
0.96,0.5,-0.22140792893595992
0.96,0.52,-0.25039157953550006
0.96,0.54,-0.27846174466333073
0.96,0.56,-0.3055928691652123
0.96,0.58,-0.331767368233602
0.96,0.6,-0.3569750480651518
0.96,0.62,-0.3812124699654087
0.96,0.64,-0.40448228073337517
0.96,0.66,-0.42679252953428026
0.96,0.68,-0.4481559885365267
0.96,0.7000000000000001,-0.46858949154921736
0.96,0.72,-0.4881133019123285
0.96,0.74,-0.5067505180849743
0.96,0.76,-0.5245265228328228
0.96,0.78,-0.5414684796844651
0.96,0.8,-0.557604878431151
0.96,0.8200000000000001,-0.5729651298853335
0.96,0.84,-0.5875792088752599
0.96,0.86,-0.6014773435084476
0.96,0.88,-0.6146897480529875
0.96,0.9,-0.6272463963256005
0.96,0.92,-0.6391768322025285
0.96,0.9400000000000001,-0.6505100137484554
0.96,0.96,-0.6612741874574212
0.96,0.98,-0.6714967891895184
0.96,1.0,-0.6812043685432881
0.98,0.0,0.5825066445555377
0.98,2.0e-2,0.5572012076328495
0.98,4.0e-2,0.5307559459546742
0.98,6.0e-2,0.5031953666233896
0.98,8.0e-2,0.47455469121032107
0.98,0.1,0.44488012782522396
0.98,0.12,0.41422891840796106
0.98,0.14,0.3826691401663803
0.98,0.16,0.3502792486783978
0.98,0.18,0.3171473602888487
0.98,0.2,0.28337028251086566
0.98,0.22,0.24905231249848162
0.98,0.24,0.21430383452212629
0.98,0.26,0.1792397569730804
0.98,0.28,0.14397783703749387
0.98,0.3,0.10863694624981889
0.98,0.32,7.333533229804598e-2
0.98,0.34,3.8188931588891105e-2
0.98,0.36,3.30978332038202e-3
0.98,0.38,-3.1195410487031856e-2
0.98,0.4,-6.522654283568258e-2
0.98,0.42,-9.869115091494357e-2
0.98,0.44,-0.1315052402397386
0.98,0.46,-0.16359387753924298
0.98,0.48,-0.19489155558632734
0.98,0.5,-0.22534234137873518
0.98,0.52,-0.25489982577282355
0.98,0.54,-0.2835268976512431
0.98,0.56,-0.3111953689455241
0.98,0.58,-0.3378854784257158
0.98,0.6,-0.36358530229824765
0.98,0.62,-0.3882900985674534
0.98,0.64,-0.4120016100925648
0.98,0.66,-0.4347273485900788
0.98,0.68,-0.45647987875244683
0.98,0.7000000000000001,-0.4772761184066657
0.98,0.72,-0.49713666740821677
0.98,0.74,-0.5160851749010956
0.98,0.76,-0.5341477517750592
0.98,0.78,-0.5513524326803344
0.98,0.8,-0.5677286898491004
0.98,0.8200000000000001,-0.5833069992275125
0.98,0.84,-0.5981184580280663
0.98,0.86,-0.6121944517425592
0.98,0.88,-0.6255663678753247
0.98,0.9,-0.6382653531255444
0.98,0.92,-0.6503221104258524
0.98,0.9400000000000001,-0.6617667320934636
0.98,0.96,-0.6726285653337926
0.98,0.98,-0.6829361064230799
0.98,1.0,-0.6927169200582982
1.0,0.0,0.5884427740003653
1.0,2.0e-2,0.5632919580267163
1.0,4.0e-2,0.5369749470007432
1.0,6.0e-2,0.5095123436400049
1.0,8.0e-2,0.48093558949895376
1.0,0.1,0.4512873411689471
1.0,0.12,0.4206216248258194
1.0,0.14,0.3890037435792332
1.0,0.16,0.35650992024325573
1.0,0.18,0.32322666813235656
1.0,0.2,0.2892498937860636
1.0,0.22,0.2546837474657849
1.0,0.24,0.21963924905858834
1.0,0.26,0.18423272782865127
1.0,0.28,0.14858412347742395
1.0,0.3,0.11281520252806304
1.0,0.32,7.704774765127471e-2
1.0,0.34,4.1401777956531396e-2
1.0,0.36,5.993855511660418e-3
1.0,0.38,-2.9064472287527694e-2
1.0,0.4,-6.366805288770722e-2
1.0,0.42,-9.771929939044206e-2
1.0,0.44,-0.131129130763878
1.0,0.46,-0.16381767104753808
1.0,0.48,-0.19571470746264236
1.0,0.5,-0.22675991656229946
1.0,0.52,-0.2569028752578319
1.0,0.54,-0.2861028794861282
1.0,0.56,-0.3143285973494149
1.0,0.58,-0.34155758581882756
1.0,0.6,-0.3677757007153832
1.0,0.62,-0.39297642891379575
1.0,0.64,-0.41716016984629667
1.0,0.66,-0.4403334907177035
1.0,0.68,-0.4625083766686437
1.0,0.7000000000000001,-0.483701493699259
1.0,0.72,-0.5039334787069413
1.0,0.74,-0.5232282676679169
1.0,0.76,-0.5416124699263487
1.0,0.78,-0.559114793825671
1.0,0.8,-0.575765526567815
1.0,0.8200000000000001,-0.5915960692294353
1.0,0.84,-0.6066385262901639
1.0,0.86,-0.6209253478100006
1.0,0.88,-0.6344890214948311
1.0,0.9,-0.647361811268791
1.0,0.92,-0.6595755385862948
1.0,0.9400000000000001,-0.6711614025225253
1.0,0.96,-0.6821498346394993
1.0,0.98,-0.6925703847000866
1.0,1.0,-0.7024516334636405
